  -3.0000000000000002E-002   1.7830503800377369     
  -2.9900000000000003E-002   1.7026729411991113     
  -2.9800000000000000E-002   1.6576999219492088     
  -2.9700000000000001E-002   1.6701589768007656     
  -2.9600000000000001E-002   1.7483433512374176     
  -2.9500000000000002E-002   1.8847071086574168     
  -2.9400000000000003E-002   2.0576382190953231     
  -2.9300000000000003E-002   2.2366949455752501     
  -2.9200000000000000E-002   2.3900384553537855     
  -2.9100000000000001E-002   2.4922485635071761     
  -2.9000000000000001E-002   2.5306056747405097     
  -2.8900000000000002E-002   2.5082882020778152     
  -2.8800000000000003E-002   2.4436836474820538     
  -2.8700000000000000E-002   2.3659613529491312     
  -2.8600000000000000E-002   2.3079735871579623     
  -2.8500000000000001E-002   2.2982134261386573     
  -2.8400000000000002E-002   2.3537989442848573     
  -2.8300000000000002E-002   2.4762120691017064     
  -2.8200000000000003E-002   2.6508536249181103     
  -2.8100000000000000E-002   2.8505449593105356     
  -2.8000000000000001E-002   3.0421382467686979     
  -2.7900000000000001E-002   3.1946296136655761     
  -2.7800000000000002E-002   3.2867912771796002     
  -2.7700000000000002E-002   3.3124459018835073     
  -2.7600000000000003E-002   3.2820747889603243     
  -2.7500000000000000E-002   3.2203443585167264     
  -2.7400000000000001E-002   3.1601352832465373     
  -2.7300000000000001E-002   3.1345206955696785     
  -2.7200000000000002E-002   3.1686516909010640     
  -2.7100000000000003E-002   3.2735422458600474     
  -2.7000000000000000E-002   3.4432906239153174     
  -2.6900000000000000E-002   3.6564392890090924     
  -2.6800000000000001E-002   3.8811631423170656     
  -2.6700000000000002E-002   4.0830340439635258     
  -2.6600000000000002E-002   4.2334697339386196     
  -2.6500000000000003E-002   4.3167962656983994     
  -2.6400000000000000E-002   4.3341815260805916     
  -2.6300000000000000E-002   4.3034556312649297     
  -2.6200000000000001E-002   4.2548382926566051     
  -2.6100000000000002E-002   4.2235984827495869     
  -2.6000000000000002E-002   4.2414310830513209     
  -2.5900000000000003E-002   4.3286607722575523     
  -2.5800000000000000E-002   4.4891927194980275     
  -2.5700000000000001E-002   4.7094664617420436     
  -2.5600000000000001E-002   4.9616937109265207     
  -2.5500000000000002E-002   5.2106104622946727     
  -2.5400000000000002E-002   5.4221061313518257     
  -2.5300000000000000E-002   5.5716216720100826     
  -2.5200000000000000E-002   5.6502526978525678     
  -2.5100000000000001E-002   5.6670448126081112     
  -2.5000000000000001E-002   5.6468943643046758     
  -2.4900000000000002E-002   5.6245435485325661     
  -2.4800000000000003E-002   5.6361209586681076     
  -2.4700000000000000E-002   5.7102903549876585     
  -2.4600000000000000E-002   5.8611792608211832     
  -2.4500000000000001E-002   6.0848351918324903     
  -2.4400000000000002E-002   6.3601016884027528     
  -2.4300000000000002E-002   6.6537263098574364     
  -2.4200000000000003E-002   6.9284721945872896     
  -2.4100000000000000E-002   7.1522594646006894     
  -2.4000000000000000E-002   7.3060975195348146     
  -2.3900000000000001E-002   7.3888522460957429     
  -2.3800000000000002E-002   7.4176572934691087     
  -2.3700000000000002E-002   7.4238409547123023     
  -2.3599999999999999E-002   7.4453408136974009     
  -2.3500000000000000E-002   7.5174471147394550     
  -2.3400000000000001E-002   7.6641379592315433     
  -2.3300000000000001E-002   7.8921384255543749     
  -2.3200000000000002E-002   8.1891802030707570     
  -2.3100000000000002E-002   8.5269159712942599     
  -2.3000000000000000E-002   8.8678022827406675     
  -2.2900000000000000E-002   9.1742854649085288     
  -2.2800000000000001E-002   9.4180485878435309     
  -2.2700000000000001E-002   9.5870480374920337     
  -2.2600000000000002E-002   9.6885964871223962     
  -2.2500000000000003E-002   9.7477089551881573     
  -2.2400000000000000E-002   9.8010872323656848     
  -2.2300000000000000E-002   9.8881919827202651     
  -2.2200000000000001E-002   10.041576912868827     
  -2.2100000000000002E-002   10.278855151921901     
  -2.2000000000000002E-002   10.598282800075500     
  -2.1899999999999999E-002   10.979069228049385     
  -2.1800000000000000E-002   11.386369885038746     
  -2.1700000000000001E-002   11.779766647365472     
  -2.1600000000000001E-002   12.123175791293248     
  -2.1500000000000002E-002   12.393758894707060     
  -2.1400000000000002E-002   12.587640359463071     
  -2.1299999999999999E-002   12.721004737286790     
  -2.1200000000000000E-002   12.826272318251988     
  -2.1100000000000001E-002   12.944258530770574     
  -2.1000000000000001E-002   13.114215661062870     
  -2.0900000000000002E-002   13.364188841871011     
  -2.0800000000000003E-002   13.704057970228067     
  -2.0700000000000000E-002   14.122993880434207     
  -2.0600000000000000E-002   14.591984690751271     
  -2.0500000000000001E-002   15.070847193690172     
  -2.0400000000000001E-002   15.518032146532549     
  -2.0300000000000002E-002   15.900833979789498     
  -2.0200000000000003E-002   16.203499198792255     
  -2.0100000000000000E-002   16.431226281629883     
  -2.0000000000000000E-002   16.609045073863268     
  -1.9900000000000001E-002   16.775814607145559     
  -1.9800000000000002E-002   16.974779449907345     
  -1.9700000000000002E-002   17.242980690919513     
  -1.9599999999999999E-002   17.602115687848244     
  -1.9500000000000000E-002   18.053103535277078     
  -1.9400000000000001E-002   18.575719049933511     
  -1.9300000000000001E-002   19.133422553780228     
  -1.9200000000000002E-002   19.682236903654744     
  -1.9100000000000002E-002   20.181520219841733     
  -1.9000000000000000E-002   20.604001030874851     
  -1.8900000000000000E-002   20.942604281454493     
  -1.8800000000000001E-002   21.212366877592732     
  -1.8700000000000001E-002   21.446935455794286     
  -1.8600000000000002E-002   21.690466663473266     
  -1.8500000000000003E-002   21.986886240101953     
  -1.8400000000000000E-002   22.369127036713952     
  -1.8300000000000000E-002   22.850991131812620     
  -1.8200000000000001E-002   23.423656405446664     
  -1.8100000000000002E-002   24.057721894250985     
  -1.8000000000000002E-002   24.710331820626084     
  -1.7899999999999999E-002   25.335666419838542     
  -1.7800000000000000E-002   25.896246949915895     
  -1.7700000000000000E-002   26.372282321751076     
  -1.7600000000000001E-002   26.766744491181214     
  -1.7500000000000002E-002   27.104891441478685     
  -1.7400000000000002E-002   27.428311210118078     
  -1.7299999999999999E-002   27.784907638739750     
  -1.7200000000000000E-002   28.217257233105911     
  -1.7100000000000001E-002   28.752186157026138     
  -1.7000000000000001E-002   29.394139152169771     
  -1.6900000000000002E-002   30.124000647158468     
  -1.6800000000000002E-002   30.903701422075073     
  -1.6700000000000000E-002   31.685524674211692     
  -1.6600000000000000E-002   32.423861289951908     
  -1.6500000000000001E-002   33.086543704554984     
  -1.6400000000000001E-002   33.662967821981532     
  -1.6300000000000002E-002   34.166979108968235     
  -1.6199999999999999E-002   34.633769388497768     
  -1.6100000000000000E-002   35.111496960689799     
  -1.6000000000000000E-002   35.649645767664474     
  -1.5900000000000001E-002   36.286957775474939     
  -1.5800000000000002E-002   37.041901373330276     
  -1.5700000000000002E-002   37.908039999646043     
  -1.5600000000000001E-002   38.855480406647096     
  -1.5500000000000000E-002   39.838095229769102     
  -1.5400000000000000E-002   40.804792228516142     
  -1.5300000000000001E-002   41.712092836497234     
  -1.5200000000000000E-002   42.534937217298811     
  -1.5100000000000001E-002   43.273042485332020     
  -1.5000000000000001E-002   43.951210981817795     
  -1.4900000000000000E-002   44.613459150820603     
  -1.4800000000000001E-002   45.312355910331092     
  -1.4700000000000001E-002   46.096149619459020     
  -1.4600000000000000E-002   46.996829353102974     
  -1.4500000000000001E-002   48.022064429515723     
  -1.4400000000000001E-002   49.153038790675367     
  -1.4300000000000000E-002   50.348765425315150     
  -1.4200000000000001E-002   51.555877932637216     
  -1.4100000000000001E-002   52.721540553396210     
  -1.4000000000000000E-002   53.806329938154974     
  -1.3900000000000001E-002   54.793920456311767     
  -1.3800000000000002E-002   55.695162221412936     
  -1.3700000000000000E-002   56.545498131632961     
  -1.3600000000000001E-002   57.396294946755553     
  -1.3500000000000000E-002   58.302165811235625     
  -1.3400000000000000E-002   59.307367132780890     
  -1.3300000000000001E-002   60.434609490310443     
  -1.3200000000000000E-002   61.679060137148809     
  -1.3100000000000001E-002   63.009064193436181     
  -1.3000000000000001E-002   64.373473745022693     
  -1.2900000000000000E-002   65.713847827361789     
  -1.2800000000000001E-002   66.978571645210693     
  -1.2700000000000001E-002   68.135442961770096     
  -1.2600000000000000E-002   69.179617300446608     
  -1.2500000000000001E-002   70.134915078607293     
  -1.2400000000000001E-002   71.048107178677043     
  -1.2300000000000000E-002   71.977518916339505     
  -1.2200000000000001E-002   72.978703155491601     
  -1.2100000000000001E-002   74.090681432596142     
  -1.2000000000000000E-002   75.326146853715315     
  -1.1900000000000001E-002   76.668081572407317     
  -1.1800000000000000E-002   78.073687893937233     
  -1.1700000000000000E-002   79.484741442932446     
  -1.1600000000000001E-002   80.841885363928313     
  -1.1500000000000000E-002   82.099389159931476     
  -1.1400000000000000E-002   83.236745388882781     
  -1.1300000000000001E-002   84.264217695944680     
  -1.1200000000000000E-002   85.220911684369582     
  -1.1100000000000000E-002   86.165764753973690     
  -1.1000000000000001E-002   87.163597299541109     
  -1.0900000000000000E-002   88.269605221435498     
  -1.0800000000000001E-002   89.516092797130213     
  -1.0700000000000001E-002   90.904733843361228     
  -1.0600000000000000E-002   92.406323588369105     
  -1.0500000000000001E-002   93.968161113196828     
  -1.0400000000000001E-002   95.527325592954440     
  -1.0300000000000000E-002   97.026639927076474     
  -1.0200000000000001E-002   98.429418645615058     
  -1.0100000000000001E-002   99.729353055074569     
  -1.0000000000000000E-002   100.95304291410382     
  -9.9000000000000008E-003   102.15446597790925     
  -9.7999999999999997E-003   103.40265304961058     
  -9.7000000000000003E-003   104.76552267118394     
  -9.6000000000000009E-003   106.29380808272380     
  -9.4999999999999998E-003   108.00903082152630     
  -9.4000000000000004E-003   109.89852409011328     
  -9.3000000000000010E-003   111.91880771579916     
  -9.1999999999999998E-003   114.00657513528797     
  -9.1000000000000004E-003   116.09466973070758     
  -9.0000000000000011E-003   118.12916822287288     
  -8.8999999999999999E-003   120.08336994507516     
  -8.8000000000000005E-003   121.96520222305729     
  -8.7000000000000011E-003   123.81613091970117     
  -8.6000000000000000E-003   125.70173328295405     
  -8.5000000000000006E-003   127.69614450587750     
  -8.4000000000000012E-003   129.86412417498087     
  -8.3000000000000001E-003   132.24512006473356     
  -8.2000000000000007E-003   134.84326817864542     
  -8.0999999999999996E-003   137.62585438184371     
  -8.0000000000000002E-003   140.53071032266726     
  -7.9000000000000008E-003   143.48082191817124     
  -7.8000000000000005E-003   146.40263087753775     
  -7.7000000000000002E-003   149.24355611124395     
  -7.6000000000000000E-003   151.98439789602142     
  -7.5000000000000006E-003   154.64349379112707     
  -7.4000000000000003E-003   157.27148840271218     
  -7.3000000000000001E-003   159.93787873354682     
  -7.2000000000000007E-003   162.71254093432418     
  -7.1000000000000004E-003   165.64672624395061     
  -7.0000000000000001E-003   168.75820811495996     
  -6.9000000000000008E-003   172.02430668966980     
  -6.8000000000000005E-003   175.38463082332507     
  -6.7000000000000002E-003   178.75301346928646     
  -6.6000000000000000E-003   182.03584896874318     
  -6.5000000000000006E-003   185.15243001055640     
  -6.4000000000000003E-003   188.05233315557868     
  -6.3000000000000000E-003   190.72556444295225     
  -6.2000000000000006E-003   193.20290416787785     
  -6.1000000000000004E-003   195.54627172964754     
  -6.0000000000000001E-003   197.83139000661578     
  -5.8999999999999999E-003   200.12695952416465     
  -5.8000000000000005E-003   202.47547261379731     
  -5.7000000000000002E-003   204.88046567733286     
  -5.5999999999999999E-003   207.30348723675601     
  -5.5000000000000005E-003   209.67170787755524     
  -5.4000000000000003E-003   211.89448259974469     
  -5.3000000000000000E-003   213.88493700964901     
  -5.2000000000000006E-003   215.58134360717077     
  -5.1000000000000004E-003   216.96301896975956     
  -5.0000000000000001E-003   218.05673517658849     
  -4.8999999999999998E-003   218.93190845601438     
  -4.8000000000000004E-003   219.68556143072016     
  -4.7000000000000002E-003   220.42058652901463     
  -4.5999999999999999E-003   221.22254057392840     
  -4.5000000000000005E-003   222.14064191368180     
  -4.4000000000000003E-003   223.17769304400497     
  -4.3000000000000000E-003   224.29152496012014     
  -4.2000000000000006E-003   225.40775943995999     
  -4.1000000000000003E-003   226.44089100969728     
  -4.0000000000000001E-003   227.31859003089551     
  -3.9000000000000003E-003   228.00325104908015     
  -3.8000000000000000E-003   228.50539264620872     
  -3.7000000000000002E-003   228.88543741999993     
  -3.6000000000000003E-003   229.24321212088989     
  -3.5000000000000001E-003   229.69753053056641     
  -3.4000000000000002E-003   230.36071388355865     
  -3.3000000000000000E-003   231.31424189004554     
  -3.2000000000000002E-003   232.59156151412034     
  -3.1000000000000003E-003   234.17242480935866     
  -3.0000000000000001E-003   235.99036284817666     
  -2.9000000000000002E-003   237.95169154187315     
  -2.8000000000000000E-003   239.96157043236047     
  -2.7000000000000001E-003   241.95081219272186     
  -2.6000000000000003E-003   243.89683753454861     
  -2.5000000000000001E-003   245.83349051165609     
  -2.4000000000000002E-003   247.84707778729833     
  -2.3000000000000000E-003   250.05934436914589     
  -2.2000000000000001E-003   252.60133512950736     
  -2.1000000000000003E-003   255.58441562240770     
  -2.0000000000000000E-003   259.07554613074109     
  -1.9000000000000000E-003   263.08298735883454     
  -1.8000000000000002E-003   267.55615577371702     
  -1.7000000000000001E-003   272.39991689371419     
  -1.6000000000000001E-003   277.50003193552840     
  -1.5000000000000000E-003   282.75363540342931     
  -1.4000000000000000E-003   288.09723360032706     
  -1.3000000000000002E-003   293.52514928214737     
  -1.2000000000000001E-003   299.09352698347664     
  -1.1000000000000001E-003   304.90845445904023     
  -1.0000000000000000E-003   311.10062671583773     
  -9.0000000000000008E-004   317.79233532479458     
  -8.0000000000000004E-004   325.06456893103973     
  -6.9999999999999999E-004   332.93213863717284     
  -6.0000000000000006E-004   341.33292316824782     
  -5.0000000000000001E-004   350.13397144488829     
  -4.0000000000000002E-004   359.15310165469771     
  -3.0000000000000003E-004   368.19079486594393     
  -2.0000000000000001E-004   377.06455606429063     
  -1.0000000000000000E-004   385.63718658605137     
   0.0000000000000000        393.83180670097317     
   1.0000000000000000E-004   401.62969242979131     
   2.0000000000000001E-004   409.05129183475043     
   3.0000000000000003E-004   416.12512090119208     
   4.0000000000000002E-004   422.85252788290074     
   5.0000000000000001E-004   429.17770557412189     
   6.0000000000000006E-004   434.97141586917814     
   6.9999999999999999E-004   440.03382045686112     
   8.0000000000000004E-004   444.11727294583540     
   9.0000000000000008E-004   446.96499229425507     
   1.0000000000000000E-003   448.35740812931112     
   1.1000000000000001E-003   448.15568865285115     
   1.2000000000000001E-003   446.33215397154657     
   1.3000000000000002E-003   442.97997843201284     
   1.4000000000000000E-003   438.29921863256715     
   1.5000000000000000E-003   432.56170261394294     
   1.6000000000000001E-003   426.06236939030714     
   1.7000000000000001E-003   419.06801437668378     
   1.8000000000000002E-003   411.77520777230632     
   1.9000000000000000E-003   404.28713970962622     
   2.0000000000000000E-003   396.61471985304320     
   2.1000000000000003E-003   388.70143370933920     
   2.2000000000000001E-003   380.46561899372313     
   2.3000000000000000E-003   371.84940350469975     
   2.4000000000000002E-003   362.86166771076580     
   2.5000000000000001E-003   353.60359797669724     
   2.6000000000000003E-003   344.26947763214014     
   2.7000000000000001E-003   335.12140618635897     
   2.8000000000000000E-003   326.44321182989819     
   2.9000000000000002E-003   318.48431871392307     
   3.0000000000000001E-003   311.40734674942740     
   3.1000000000000003E-003   305.25291621403625     
   3.2000000000000002E-003   299.93144778453910     
   3.3000000000000000E-003   295.24546634757002     
   3.4000000000000002E-003   290.93848161972750     
   3.5000000000000001E-003   286.75972130141957     
   3.6000000000000003E-003   282.52954267391812     
   3.7000000000000002E-003   278.18945189237451     
   3.8000000000000000E-003   273.82370195990336     
   3.9000000000000003E-003   269.64585534612615     
   4.0000000000000001E-003   265.95206581867001     
   4.1000000000000003E-003   263.05119009793367     
   4.2000000000000006E-003   261.18812507234668     
   4.3000000000000000E-003   260.47932742914412     
   4.4000000000000003E-003   260.87748408711650     
   4.5000000000000005E-003   262.17600765038452     
   4.5999999999999999E-003   264.05473974632548     
   4.7000000000000002E-003   266.15806772529754     
   4.8000000000000004E-003   268.18804209246775     
   4.8999999999999998E-003   269.99022974933280     
   5.0000000000000001E-003   271.61037369232167     
   5.1000000000000004E-003   273.30570356879582     
   5.2000000000000006E-003   275.50490321737152     
   5.3000000000000000E-003   278.72311367202781     
   5.4000000000000003E-003   283.45007898173054     
   5.5000000000000005E-003   290.03773278086169     
   5.5999999999999999E-003   298.61592294966749     
   5.7000000000000002E-003   309.06054143752891     
   5.8000000000000005E-003   321.02756580117631     
   5.8999999999999999E-003   334.05145193149258     
   6.0000000000000001E-003   347.69012602274995     
   6.1000000000000004E-003   361.68519569745479     
   6.2000000000000006E-003   376.09832116115894     
   6.3000000000000000E-003   391.38525450461412     
   6.4000000000000003E-003   408.37848881847862     
   6.5000000000000006E-003   428.16645295483147     
   6.6000000000000000E-003   451.87867474200226     
   6.7000000000000002E-003   480.40804487766991     
   6.8000000000000005E-003   514.11862419432669     
   6.9000000000000008E-003   552.59634713188257     
   7.0000000000000001E-003   594.49798820492504     
   7.1000000000000004E-003   637.54049153790663     
   7.2000000000000007E-003   678.65012881027792     
   7.3000000000000001E-003   714.26286881416195     
   7.4000000000000003E-003   740.73902181979815     
   7.5000000000000006E-003   754.83215146542523     
   7.6000000000000000E-003   754.13909129229194     
   7.7000000000000002E-003   737.45754358802412     
   7.8000000000000005E-003   704.99065018695103     
   7.9000000000000008E-003   658.36203076173763     
   8.0000000000000002E-003   600.43581929104619     
   8.0999999999999996E-003   534.96855201889639     
   8.2000000000000007E-003   466.14744431353876     
   8.3000000000000001E-003   398.08758418134647     
   8.4000000000000012E-003   334.36566514322698     
   8.5000000000000006E-003   277.65934394804134     
   8.6000000000000000E-003   229.54098489870225     
   8.7000000000000011E-003   190.44647449543564     
   8.8000000000000005E-003   159.80935183324300     
   8.8999999999999999E-003   136.32337820719053     
   9.0000000000000011E-003   118.27771003076265     
   9.1000000000000004E-003   103.90113954971085     
   9.1999999999999998E-003   91.656231852927988     
   9.3000000000000010E-003   80.439057132582377     
   9.4000000000000004E-003   69.662083826934861     
   9.4999999999999998E-003   59.221983920211059     
   9.6000000000000009E-003   49.375751874315185     
   9.7000000000000003E-003   40.563605025301321     
   9.7999999999999997E-003   33.223147201165681     
   9.9000000000000008E-003   27.635762757423780     
   1.0000000000000000E-002   23.834662806759887     
   1.0100000000000001E-002   21.587472940730333     
   1.0200000000000001E-002   20.448594443392082     
   1.0300000000000000E-002   19.861609184015091     
   1.0400000000000001E-002   19.282706224221361     
   1.0500000000000001E-002   18.294034351075553     
   1.0600000000000000E-002   16.680910783316747     
   1.0700000000000001E-002   14.457287740589022     
   1.0800000000000001E-002   11.837061587618592     
   1.0900000000000000E-002   9.1615567706800292     
   1.1000000000000001E-002   6.8029876112454524     
   1.1100000000000000E-002   5.0679715955723124     
   1.1200000000000000E-002   4.1236063644318088     
   1.1300000000000001E-002   3.9619554186843957     
   1.1400000000000000E-002   4.4088574716339197     
   1.1500000000000000E-002   5.1722612849116230     
   1.1600000000000001E-002   5.9163103239453134     
   1.1700000000000000E-002   6.3421406085420369     
   1.1800000000000000E-002   6.2558289498589525     
   1.1900000000000001E-002   5.6080085064066996     
   1.2000000000000000E-002   4.4971654205236158     
   1.2100000000000001E-002   3.1376216311512843     
   1.2200000000000001E-002   1.8015183495348943     
   1.2300000000000000E-002  0.74982829563814613     
   1.2400000000000001E-002  0.16932397273371247     
   1.2500000000000001E-002  0.13024296552299017     
   1.2600000000000000E-002  0.57381754137309104     
   1.2700000000000001E-002   1.3313369966903992     
   1.2800000000000001E-002   2.1688392693646397     
   1.2900000000000000E-002   2.8456749945132160     
   1.3000000000000001E-002   3.1723657024091665     
   1.3100000000000001E-002   3.0539336487923352     
   1.3200000000000000E-002   2.5088930970530616     
   1.3300000000000001E-002   1.6602837227285077     
   1.3400000000000000E-002  0.70194370437593157     
   1.3500000000000000E-002 -0.15097982237228991     
   1.3600000000000001E-002 -0.71484356241244751     
   1.3700000000000000E-002 -0.88085524956523054     
   1.3800000000000002E-002 -0.63888278798829501     
   1.3900000000000001E-002  -7.6681282443098867E-002
   1.4000000000000000E-002  0.64444374953442463     
   1.4100000000000001E-002   1.3309034221166012     
   1.4200000000000001E-002   1.8045466768993914     
   1.4300000000000000E-002   1.9451497900511228     
   1.4400000000000001E-002   1.7176162055346140     
   1.4500000000000001E-002   1.1778154764440094     
   1.4600000000000000E-002  0.45630883750885715     
   1.4700000000000001E-002 -0.27545404618222802     
   1.4800000000000001E-002 -0.84780580942116246     
   1.4900000000000000E-002  -1.1338609252020089     
   1.5000000000000001E-002  -1.0790131652322599     
   1.5100000000000001E-002 -0.71214882422568648     
   1.5200000000000000E-002 -0.13638548285490901     
   1.5300000000000001E-002  0.49786381704537119     
   1.5400000000000000E-002   1.0305216527503800     
   1.5500000000000000E-002   1.3308059048174268     
   1.5600000000000001E-002   1.3280814896995237     
   1.5700000000000002E-002   1.0273704217618465     
   1.5800000000000002E-002  0.50617307380265164     
   1.5900000000000001E-002 -0.10615416771173884     
   1.6000000000000000E-002 -0.66104412248187883     
   1.6100000000000000E-002  -1.0272015159724690     
   1.6199999999999999E-002  -1.1220141923969051     
   1.6300000000000002E-002 -0.93042541042616655     
   1.6400000000000001E-002 -0.50700675776360582     
   1.6500000000000001E-002   3.8871136978913645E-002
   1.6600000000000000E-002  0.57078876527485001     
   1.6700000000000000E-002  0.95893922861145031     
   1.6800000000000002E-002   1.1114246757568489     
   1.6900000000000002E-002  0.99567094071612283     
   1.7000000000000001E-002  0.64500069862249343     
   1.7100000000000001E-002  0.14910297573813805     
   1.7200000000000000E-002 -0.36894242608916650     
   1.7299999999999999E-002 -0.78323403977096318     
   1.7400000000000002E-002 -0.99564942281850322     
   1.7500000000000002E-002 -0.95906877095178900     
   1.7600000000000001E-002 -0.68775329019921150     
   1.7700000000000000E-002 -0.25263176518826924     
   1.7800000000000000E-002  0.23705321809445817     
   1.7899999999999999E-002  0.66101661666479550     
   1.8000000000000002E-002  0.91733415742443813     
   1.8100000000000002E-002  0.94681145145591616     
   1.8200000000000001E-002  0.74651367040107153     
   1.8300000000000000E-002  0.36938883693822400     
   1.8400000000000000E-002  -8.9655112596753447E-002
   1.8500000000000003E-002 -0.51758552767656818     
   1.8600000000000002E-002 -0.81102684080008802     
   1.8700000000000001E-002 -0.90117981166259553     
   1.8800000000000001E-002 -0.76988985567720292     
   1.8900000000000000E-002 -0.45313156092661100     
   1.9000000000000000E-002  -3.1294378757062986E-002
   1.9100000000000002E-002  0.39113557498373341     
   1.9200000000000002E-002  0.71137927094209985     
   1.9300000000000001E-002  0.85329740683847410     
   1.9400000000000001E-002  0.78541895245143722     
   1.9500000000000000E-002  0.52781235645797031     
   1.9599999999999999E-002  0.14632551772988578     
   1.9700000000000002E-002 -0.26419090429703157     
   1.9800000000000002E-002 -0.60341807838985184     
   1.9900000000000001E-002 -0.79003580637759352     
   2.0000000000000000E-002 -0.78116762702558473     
   2.0100000000000000E-002 -0.58216771418118762     
   2.0200000000000003E-002 -0.24453284792822530     
   2.0300000000000002E-002  0.14735972465807595     
   2.0400000000000001E-002  0.49728771925963527     
   2.0500000000000001E-002  0.72076020916417571     
   2.0600000000000000E-002  0.76536968869763933     
   2.0700000000000000E-002  0.62302856913261706     
   2.0800000000000003E-002  0.33124574949798430     
   2.0900000000000002E-002  -3.6696182825501314E-002
   2.1000000000000001E-002 -0.39010586939117814     
   2.1100000000000001E-002 -0.64319841380318332     
   2.1200000000000000E-002 -0.73588007033620428     
   2.1299999999999999E-002 -0.64797618628254428     
   2.1400000000000002E-002 -0.40354395965847956     
   2.1500000000000002E-002  -6.4369603510218545E-002
   2.1600000000000001E-002  0.28561039049923798     
   2.1700000000000001E-002  0.56104537228151208     
   2.1800000000000000E-002  0.69594997031641326     
   2.1899999999999999E-002  0.65947634444739467     
   2.2000000000000002E-002  0.46291780048099818     
   2.2100000000000002E-002  0.15636634530178392     
   2.2200000000000001E-002 -0.18401716743252228     
   2.2300000000000000E-002 -0.47489421868013770     
   2.2400000000000000E-002 -0.64612299774531134     
   2.2500000000000003E-002 -0.65764235492235890     
   2.2600000000000002E-002 -0.50880853615793875     
   2.2700000000000001E-002 -0.23801768643349278     
   2.2800000000000001E-002   8.7162393208172859E-002
   2.2900000000000000E-002  0.38682392980565572     
   2.3000000000000000E-002  0.58832826661039705     
   2.3100000000000002E-002  0.64388695181149613     
   2.3200000000000002E-002  0.54186605266228616     
   2.3300000000000001E-002  0.30914677206470803     
   2.3400000000000001E-002   4.0847429048045938E-003
   2.3500000000000000E-002 -0.29809785376474779     
   2.3599999999999999E-002 -0.52383688554578678     
   2.3700000000000002E-002 -0.61911149536823318     
   2.3800000000000002E-002 -0.56234736346367220     
   2.3900000000000001E-002 -0.36926190345052784     
   2.4000000000000000E-002  -8.8573678071852791E-002
   2.4100000000000000E-002  0.21026629911567610     
   2.4200000000000003E-002  0.45423763407653567     
   2.4300000000000002E-002  0.58457183317931105     
   2.4400000000000002E-002  0.57088747908928317     
   2.4500000000000001E-002  0.41824460085649245     
   2.4600000000000000E-002  0.16548717858687476     
   2.4700000000000000E-002 -0.12461824932676262     
   2.4800000000000003E-002 -0.38095009335892044     
   2.4900000000000002E-002 -0.54144899372954969     
   2.5000000000000001E-002 -0.56812408570464457     
   2.5100000000000001E-002 -0.45602420149717782     
   2.5200000000000000E-002 -0.23406081717677460     
   2.5300000000000000E-002   4.2423120593958613E-002
   2.5400000000000002E-002  0.30543452215500166     
   2.5500000000000002E-002  0.49103419836297080     
   2.5600000000000001E-002  0.55486404482726981     
   2.5700000000000001E-002  0.48273077050309043     
   2.5800000000000000E-002  0.29372526791045206     
   2.5900000000000003E-002   3.5201801760205223E-002
   2.6000000000000002E-002 -0.22906992687148936     
   2.6100000000000002E-002 -0.43461957179479194     
   2.6200000000000001E-002 -0.53198894497135973     
   2.6300000000000000E-002 -0.49861696420519197     
   2.6400000000000000E-002 -0.34404450749175891     
   2.6500000000000003E-002 -0.10724415683496318     
   2.6600000000000002E-002  0.15319005210359618     
   2.6700000000000002E-002  0.37352734437342888     
   2.6800000000000001E-002  0.50048211854311864     
   2.6900000000000000E-002  0.50408668419191893     
   2.7000000000000000E-002  0.38474835304976784     
   2.7100000000000003E-002  0.17283316759421261     
   2.7200000000000002E-002  -7.9044325541936633E-002
   2.7300000000000001E-002 -0.30907157267573232     
   2.7400000000000001E-002 -0.46139488458276506     
   2.7500000000000000E-002 -0.49966915356914898     
   2.7600000000000003E-002 -0.41571634699323051     
   2.7700000000000002E-002 -0.23123340533278103     
   2.7800000000000002E-002   7.7961379134357826E-003
   2.7900000000000001E-002  0.24255197139722631     
   2.8000000000000001E-002  0.41584020913912983     
   2.8100000000000000E-002  0.48601643456525101     
   2.8200000000000003E-002  0.43698194641852789     
   2.8300000000000002E-002  0.28185657698986349     
   2.8400000000000002E-002   5.9495367979417776E-002
   2.8500000000000001E-002 -0.17523224702875637     
   2.8600000000000000E-002 -0.36497159450259259     
   2.8700000000000000E-002 -0.46388691510885582     
   2.8800000000000003E-002 -0.44872365809055914     
   2.8900000000000002E-002 -0.32426159161434870     
   2.9000000000000001E-002 -0.12188347172883657     
   2.9100000000000001E-002  0.10832655957602440     
   2.9200000000000000E-002  0.30996817646398928     
   2.9300000000000003E-002  0.43413331520499526     
   2.9400000000000003E-002  0.45125944892588510     
   2.9500000000000002E-002  0.35815722865490457     
   2.9600000000000001E-002  0.17854455653985712     
   2.9700000000000001E-002  -4.2983108997034433E-002
   2.9800000000000000E-002 -0.25201632622004300     
   2.9900000000000003E-002 -0.39768658581206517     
   3.0000000000000002E-002 -0.44503669007175761     
