   5.0000000000000002E-005   1.4501427682973633E-005  0.22894283116419667        4.1435113839473830E-004
   1.0000000000000000E-004   2.9011423841355740E-005  0.45571916704336118        2.0618449452004125E-003
   1.5000000000000001E-004   4.3538568844508622E-005  0.67891880802834725        5.7318217531930997E-003
   2.0000000000000001E-004   5.8091466878286814E-005  0.89718214732848844        1.2165464863858994E-002
   2.5000000000000001E-004   7.2678757924844479E-005   1.1092192115700477        2.2038457631179800E-002
   3.0000000000000003E-004   8.7309129828595466E-005   1.3138275271513380        3.5945490524801754E-002
   3.5000000000000000E-004   1.0199133047751102E-004   1.5099085085330473        5.4387049316849727E-002
   4.0000000000000002E-004   1.1673418012934277E-004   1.6964820881050957        7.7758846690743150E-002
   4.5000000000000004E-004   1.3154658391286518E-004   1.8726993355924859       0.10634417994721501     
   5.0000000000000001E-004   1.4643754453484540E-004   2.0378528478917821       0.14030940956777174     
   5.5000000000000003E-004   1.6141617522417030E-004   2.1913847274419025       0.17970265992950524     
   6.0000000000000006E-004   1.7649171294539329E-004   2.3328920083175402       0.22445574735580631     
   6.5000000000000008E-004   1.9167353191491444E-004   2.4621294336867452       0.27438924491898553     
   6.9999999999999999E-004   2.0697115745407533E-004   2.5790095354921130       0.32922050094782651     
   7.5000000000000002E-004   2.2239428021464337E-004   2.6836000164912703       0.38857434188744594     
   8.0000000000000004E-004   2.3795277081348250E-004   2.7761184853194232       0.45199611265919903     
   8.5000000000000006E-004   2.5365669491466590E-004   2.8569246461124558       0.51896664133692572     
   9.0000000000000008E-004   2.6951632879888284E-004   2.9265100944678766       0.58891866179411390     
   9.5000000000000000E-004   2.8554217546173847E-004   2.9854859200707127       0.66125418956304305     
   1.0000000000000000E-003   3.0174498128445013E-004   3.0345683620754627       0.73536232358831577     
   1.0500000000000002E-003   3.1813575332250349E-004   3.0745628051985538       0.81063694045467127     
   1.1000000000000001E-003   3.3472577726007175E-004   3.1063464413361435       0.88649375810122000     
   1.1500000000000000E-003   3.5152663608042114E-004   3.1308499523235396       0.96238627255666909     
   1.2000000000000001E-003   3.6855022950512892E-004   3.1490385932210416        1.0378201128912072     
   1.2500000000000000E-003   3.8580879425775740E-004   3.1618930713908373        1.1123654149544238     
   1.3000000000000002E-003   4.0331492521064719E-004   3.1703906239187529        1.1856668817019180     
   1.3500000000000001E-003   4.2108159747674306E-004   3.1754866941178417        1.2574512747871422     
   1.4000000000000000E-003   4.3912218951185365E-004   3.1780975966287062        1.3275321660972512     
   1.4500000000000001E-003   4.5745050729648231E-004   3.1790845399446566        1.3958118663185084     
   1.5000000000000000E-003   4.7608080967037120E-004   3.1792393452359531        1.4622805375810979     
   1.5500000000000002E-003   4.9502783489718794E-004   3.1792721615909003        1.5270125858766592     
   1.6000000000000001E-003   5.1430682854135159E-004   3.1798014309645501        1.5901605134474548     
   1.6500000000000000E-003   5.3393357274390720E-004   3.1813463022200401        1.6519464890482789     
   1.7000000000000001E-003   5.5392441698955271E-004   3.1843216338971825        1.7126519624521253     
   1.7500000000000000E-003   5.7429631046250821E-004   3.1890356611976323        1.7726057066929886     
   1.8000000000000002E-003   5.9506683609483225E-004   3.1956903357660607        1.8321707155790776     
   1.8500000000000001E-003   6.1625424641709842E-004   3.2043842789400769        1.8917304136666397     
   1.9000000000000000E-003   6.3787750132805732E-004   3.2151182220938788        1.9516746503322866     
   1.9500000000000001E-003   6.5995630790701050E-004   3.2278027434006917        2.0123859484924926     
   2.0000000000000000E-003   6.8251116240018533E-004   3.2422680506510342        2.0742264620718007     
   2.0500000000000002E-003   7.0556339452038173E-004   3.2582755064674012        2.1375260651934971     
   2.1000000000000003E-003   7.2913521420760814E-004   3.2755305469875093        2.2025719514092041     
   2.1500000000000000E-003   7.5324976100734828E-004   3.2936966092847233        2.2696000646820584     
   2.2000000000000001E-003   7.7793115623248370E-004   3.3124096576417150        2.3387886172572538     
   2.2500000000000003E-003   8.0320455808476738E-004   3.3312928851821924        2.4102538752734377     
   2.3000000000000000E-003   8.2909621992210145E-004   3.3499711658541189        2.4840483135069307     
   2.3500000000000001E-003   8.5563355186867431E-004   3.3680848425464651        2.5601611586712458     
   2.4000000000000002E-003   8.8284518597628965E-004   3.3853024600369981        2.6385212589570903     
   2.4499999999999999E-003   9.1076104515691331E-004   3.4013320859611618        2.7190021387100063     
   2.5000000000000001E-003   9.3941241611853745E-004   3.4159309081444618        2.8014290239090327     
   2.5500000000000002E-003   9.6883202654887604E-004   3.4289128511898328        2.8855875588380160     
   2.6000000000000003E-003   9.9905412680406798E-004   3.4401540175815555        2.9712338791637949     
   2.6500000000000000E-003   1.0301145763723816E-003   3.4495958269147660        3.0581056633400117     
   2.7000000000000001E-003   1.0620509353957861E-003   3.4572457991269507        3.1459337542270367     
   2.7500000000000003E-003   1.0949025615449583E-003   3.4631760015860480        3.2344539269959314     
   2.8000000000000000E-003   1.1287107125557236E-003   3.4675192532869055        3.3234183782295550     
   2.8500000000000001E-003   1.1635186547467378E-003   3.4704632499212758        3.4126065246184600     
   2.9000000000000002E-003   1.1993717778491628E-003   3.4722428389771931        3.5018347272562296     
   2.9499999999999999E-003   1.2363177164887815E-003   3.4731307321890692        3.5909645982811469     
   3.0000000000000001E-003   1.2744064786689476E-003   3.4734269917043044        3.6799095990642088     
   3.0500000000000002E-003   1.3136905816084363E-003   3.4734476646305130        3.7686397014937976     
   3.1000000000000003E-003   1.3542251952909912E-003   3.4735129668814007        3.8571839540120108     
   3.1500000000000000E-003   1.3960682940822580E-003   3.4739354305240058        3.9456308695158251     
   3.2000000000000002E-003   1.4392808167639677E-003   3.4750084286285108        4.0341266304685028     
   3.2500000000000003E-003   1.4839268353233712E-003   3.4769954778471246        4.1228711849000295     
   3.3000000000000000E-003   1.5300737328167518E-003   3.4801206919515160        4.2121123827319042     
   3.3500000000000001E-003   1.5777923905974801E-003   3.4845607201217290        4.3021383724466622     
   3.4000000000000002E-003   1.6271573851596632E-003   3.4904384530977124        4.3932685411104853     
   3.4500000000000004E-003   1.6782471947954074E-003   3.4978187199495419        4.4858433339720261     
   3.5000000000000001E-003   1.7311444161942819E-003   3.5067061300970646        4.5802133314476707     
   3.5500000000000002E-003   1.7859359910243054E-003   3.5170451414902089        4.6767279897918925     
   3.6000000000000003E-003   1.8427134424205331E-003   3.5287223589294565        4.7757244661033500     
   3.6500000000000000E-003   1.9015731211655409E-003   3.5415709888747937        4.8775169479635965     
   3.7000000000000002E-003   1.9626164611698670E-003   3.5553773013248047        4.9823868928655379     
   3.7500000000000003E-003   2.0259502436433601E-003   3.5698888779781850        5.0905745530765785     
   3.8000000000000000E-003   2.0916868690825092E-003   3.5848243613371955        5.2022721185926457     
   3.8500000000000001E-003   2.1599446358750492E-003   3.5998843639030711        5.3176187557255465     
   3.9000000000000003E-003   2.2308480239307334E-003   3.6147631521070251        5.4366977533929859     
   3.9500000000000004E-003   2.3045279812738376E-003   3.6291606877441631        5.5595359154727051     
   4.0000000000000001E-003   2.3811222109639887E-003   3.6427945916690732        5.6861052580567959     
   4.0499999999999998E-003   2.4607754550307688E-003   3.6554115911751919        5.8163269877325963     
   4.1000000000000003E-003   2.5436397712948157E-003   3.6667980241545557        5.9500776538889903     
   4.1500000000000000E-003   2.6298747979816399E-003   3.6767889996779690        6.0871972873125442     
   4.2000000000000006E-003   2.7196479998889394E-003   3.6852758554222653        6.2274992617631773     
   4.2500000000000003E-003   2.8131348885149722E-003   3.6922116063052499        6.3707815474367999     
   4.3000000000000000E-003   2.9105192069626435E-003   3.6976141442319008        6.5168389676471463     
   4.3500000000000006E-003   3.0119930685651433E-003   3.7015670240686527        6.6654760248081857     
   4.4000000000000003E-003   3.1177570359951236E-003   3.7042177535611791        6.8165198306227772     
   4.4500000000000000E-003   3.2280201250776278E-003   3.7057735923291464        6.9698326596075493     
   4.5000000000000005E-003   3.3429997145818500E-003   3.7064949545363888        7.1253236455613527     
   4.5500000000000002E-003   3.4629213398715665E-003   3.7066865984483424        7.2829591576639636     
   4.5999999999999999E-003   3.5880183444017633E-003   3.7066868709108403        7.4427714264001743     
   4.6500000000000005E-003   3.7185313586159214E-003   3.7068553529215058        7.6048650387454337     
   4.7000000000000002E-003   3.8547075707872952E-003   3.7075593211538207        7.7694209858152590     
   4.7499999999999999E-003   3.9967997487331741E-003   3.7091594969842085        7.9366980227806723     
   4.8000000000000004E-003   4.1450649651076548E-003   3.7119955970027636        8.1070311881521206     
   4.8500000000000001E-003   4.2997629721692266E-003   3.7163722252543341        8.2808274250110419     
   4.8999999999999998E-003   4.4611541645896337E-003   3.7225456560701771        8.4585583475705146     
   4.9500000000000004E-003   4.6294970611438805E-003   3.7307120462870036        8.6407502994673386     
   5.0000000000000001E-003   4.8050452282013545E-003   3.7409975863864400        8.8279719521407376     
   5.0500000000000007E-003   4.9880435601335395E-003   3.7534510516267443        9.0208197891515916     
   5.1000000000000004E-003   5.1787238245102462E-003   3.7680391471243935        9.2199019119367769     
   5.1500000000000001E-003   5.3772993738926489E-003   3.7846449561673468        9.4258206809348657     
   5.2000000000000006E-003   5.5839589219807565E-003   3.8030697004408904        9.6391547700638895     
   5.2500000000000003E-003   5.7988592809276535E-003   3.8230379064955340        9.8604412592003499     
   5.3000000000000000E-003   6.0221169601870029E-003   3.8442059473873997        10.090158415917221     
   5.3500000000000006E-003   6.2537985370474591E-003   3.8661737951966302        10.328709821973161     
   5.4000000000000003E-003   6.4939097271236859E-003   3.8884996828113585        10.576410480038197     
   5.4500000000000000E-003   6.7423831119691850E-003   3.9107172361928964        10.833475490556481     
   5.5000000000000005E-003   6.9990645234067651E-003   3.9323545060543061        11.100011816774547     
   5.5500000000000002E-003   7.2636981430789505E-003   3.9529542057288403        11.376013557834288     
   5.5999999999999999E-003   7.5359104540126589E-003   3.9720943556958277        11.661361026350825     
   5.6500000000000005E-003   7.8151932812103864E-003   3.9894084509244818        11.955823780014770     
   5.7000000000000002E-003   8.1008862820998867E-003   4.0046042113915803        12.259067589655468     
   5.7499999999999999E-003   8.3921593952395145E-003   4.0174799555088487        12.570665143498267     
   5.8000000000000005E-003   8.6879959247581889E-003   4.0279376573504635        12.890110095318963     
   5.8500000000000002E-003   8.9871771230279809E-003   4.0359918175831604        13.216833870950424     
   5.8999999999999999E-003   9.2882693250654642E-003   4.0417733998549874        13.550224463168799     
   5.9500000000000004E-003   9.5896148698874344E-003   4.0455282621949520        13.889646281295200     
   6.0000000000000001E-003   9.8893281954173500E-003   4.0476097469661898        14.234459992392535     
   6.0500000000000007E-003   1.0185298587757354E-002   4.0484653794081780        14.584041210174201     
   6.1000000000000004E-003   1.0475201071425196E-002   4.0486179550594281        14.937796870049079     
   6.1500000000000001E-003   1.0756516811390371E-002   4.0486416556587841        15.295178186905554     
   6.2000000000000006E-003   1.1026564129815616E-002   4.0491342003095827        15.655689235580871     
   6.2500000000000003E-003   1.1282540798175048E-002   4.0506863863861522        16.018890426046426     
   6.3000000000000000E-003   1.1521577642305885E-002   4.0538506706035875        16.384396461793454     
   6.3500000000000006E-003   1.1740802710125522E-002   4.0591106502690293        16.751868756591715     
   6.4000000000000003E-003   1.1937414343720800E-002   4.0668533949099066        17.121002716926064     
   6.4500000000000000E-003   1.2108760544178436E-002   4.0773465225184315        17.491510740112084     
   6.5000000000000006E-003   1.2252421120684672E-002   4.0907216974453311        17.863102188800603     
   6.5500000000000003E-003   1.2366288393684212E-002   4.1069658496803720        18.235461935446967     
   6.6000000000000000E-003   1.2448641794080333E-002   4.1259208983203317        18.608229282170260     
   6.6500000000000005E-003   1.2498211664719641E-002   4.1472921454734406        18.980979118537689     
   6.7000000000000002E-003   1.2514227982912973E-002   4.1706648472079131        19.353207064234528     
   6.7499999999999999E-003   1.2496450581152885E-002   4.1955278320062899        19.724320057641808     
   6.8000000000000005E-003   1.2445178679672222E-002   4.2213024922183466        20.093633419074543     
   6.8500000000000002E-003   1.2361239031454720E-002   4.2473750790555540        20.460374882333578     
   6.9000000000000008E-003   1.2245953548788642E-002   4.2731300277910158        20.823695507493962     
   6.9500000000000004E-003   1.2101088747741715E-002   4.2979820441687622        21.182686824102817     
   7.0000000000000001E-003   1.1928790547358230E-002   4.3214048868158974        21.536403066027436     
   7.0500000000000007E-003   1.1731508772191226E-002   4.3429551514038991        21.883886993890457     
   7.1000000000000004E-003   1.1511916069274725E-002   4.3622898507486401        22.224197587364412     
   7.1500000000000001E-003   1.1272825868408892E-002   4.3791771323156405        22.556437836386316     
   7.2000000000000007E-003   1.1017113549371627E-002   4.3935000219414926        22.879780957272217     
   7.2500000000000004E-003   1.0747644232853921E-002   4.4052535787994209        23.193493581167790     
   7.3000000000000001E-003   1.0467209703313203E-002   4.4145362534323613        23.496954772938963     
   7.3500000000000006E-003   1.0178476019020817E-002   4.4215365351550657        23.789670099399206     
   7.4000000000000003E-003   9.8839424665837939E-003   4.4265161496242396        24.071280339158406     
   7.4500000000000000E-003   9.5859117457699587E-003   4.4297911272566441        24.341564780358649     
   7.5000000000000006E-003   9.2864706667934831E-003   4.4317120234250158        24.600439362985174     
   7.5500000000000003E-003   8.9874802196910283E-003   4.4326444528036397        24.847950173778756     
   7.6000000000000000E-003   8.6905736254038520E-003   4.4329509260172912        25.084262986651058     
   7.6500000000000005E-003   8.3971608772771076E-003   4.4329747695103707        25.309649659398975     
   7.7000000000000002E-003   8.1084382987432549E-003   4.4330266894552697        25.524472253082106     
   7.7499999999999999E-003   7.8254017448782416E-003   4.4333743240979935        25.729165741750393     
   7.8000000000000005E-003   7.5488622314136581E-003   4.4342349286854246        25.924220137224882     
   7.8500000000000011E-003   7.2794629584495511E-003   4.4357711615726192        26.110162776870194     
   7.9000000000000008E-003   7.0176968870977359E-003   4.4380897942925417        26.287541421941047     
   7.9500000000000005E-003   6.7639242109603284E-003   4.4412430543933041        26.456908699382431     
   8.0000000000000002E-003   6.5183892312817909E-003   4.4452322275572076        26.618808298882005     
   8.0499999999999999E-003   6.2812362896409891E-003   4.4500130931190665        26.773763216075164     
   8.0999999999999996E-003   6.0525245332498758E-003   4.4555027417057209        26.922266217254780     
   8.1500000000000010E-003   5.8322413856453448E-003   4.4615873217741173        27.064772594611888     
   8.2000000000000007E-003   5.6203146716011674E-003   4.4681302794671520        27.201695186655794     
   8.2500000000000004E-003   5.4166234020482122E-003   4.4749806895094020        27.333401557773602     
   8.3000000000000001E-003   5.2210072656021624E-003   4.4819813200224425        27.460213164808913     
   8.3499999999999998E-003   5.0332749008861069E-003   4.4889761275843236        27.582406287313084     
   8.4000000000000012E-003   4.8532110409282812E-003   4.4958169373381196        27.700214461454539     
   8.4500000000000009E-003   4.6805826299261043E-003   4.5023691235781049        27.813832134740284     
   8.5000000000000006E-003   4.5151440156521103E-003   4.5085161664982740        27.923419248658160     
   8.5500000000000003E-003   4.3566413194307688E-003   4.5141630185536563        28.029106457792011     
   8.6000000000000000E-003   4.2048160812964957E-003   4.5192382674208798        28.131000705424832     
   8.6499999999999997E-003   4.0594082717142523E-003   4.5236951304834614        28.229190895544580     
   8.7000000000000011E-003   3.9201587539126077E-003   4.5275113570977457        28.323753427864382     
   8.7500000000000008E-003   3.7868112730432969E-003   4.5306881489402855        28.414757394313540     
   8.8000000000000005E-003   3.6591140404692974E-003   4.5332482351305039        28.502269270831864     
   8.8500000000000002E-003   3.5368209737923584E-003   4.5352332574810594        28.586356975661275     
   8.8999999999999999E-003   3.4196926459528652E-003   4.5367006323239423        28.667093203232504     
   8.9499999999999996E-003   3.3074969899874840E-003   4.5377200592866345        28.744557979879271     
   9.0000000000000011E-003   3.2000097998727108E-003   4.5383698447320651        28.818840422819761     
   9.0500000000000008E-003   3.0970150623346004E-003   4.5387331990644579        28.890039716139366     
   9.1000000000000004E-003   2.9983051495585428E-003   4.5388946535944887        28.958265346087462     
   9.1500000000000001E-003   2.9036808983609911E-003   4.5389367250873764        29.023636662253622     
   9.1999999999999998E-003   2.8129515975492030E-003   4.5389369354697360        29.086281850696707     
   9.2500000000000013E-003   2.7259349018513000E-003   4.5389652714415423        29.146336419635009     
   9.3000000000000010E-003   2.6424566879002494E-003   4.5390821449065024        29.203941307818496     
   9.3500000000000007E-003   2.5623508652547595E-003   4.5393368911284293        29.259240730315017     
   9.4000000000000004E-003   2.4854591532928018E-003   4.5397668182014970        29.312379876421417     
   9.4500000000000001E-003   2.4116308329765941E-003   4.5403967995530490        29.363502570159568     
   9.4999999999999998E-003   2.3407224809228896E-003   4.5412393814325496        29.412748995845703     
   9.5500000000000012E-003   2.2725976918833734E-003   4.5422953602091383        29.460253580122981     
   9.6000000000000009E-003   2.2071267946154839E-003   4.5435547702013048        29.506143108273687     
   9.6500000000000006E-003   2.1441865651754006E-003   4.5449982119587533        29.550535137264063     
   9.7000000000000003E-003   2.0836599408676827E-003   4.5465984435381426        29.593536751514613     
   9.7500000000000000E-003   2.0254357374179812E-003   4.5483221533622427        29.635243690509721     
   9.7999999999999997E-003   1.9694083713776346E-003   4.5501318326080993        29.675739860703775     
   9.8500000000000011E-003   1.9154775893050133E-003   4.5519876675091515        29.715097228332095     
   9.9000000000000008E-003   1.8635482048842869E-003   4.5538493771622797        29.753376075208092     
   9.9500000000000005E-003   1.8135298448252420E-003   4.5556779300123145        29.790625586813015     
   1.0000000000000000E-002   1.7653367041277571E-003   4.5574370816962722        29.826884731299053     
   1.0050000000000000E-002   1.7188873110821896E-003   4.5590946878834506        29.862183379669283     
   1.0100000000000001E-002   1.6741043022048504E-003   4.5606237576437048        29.896543611508793     
   1.0150000000000001E-002   1.6309142071693063E-003   4.5620032252139655        29.929981147261831     
   1.0200000000000001E-002   1.5892472436838986E-003   4.5632184303299548        29.962506847128818     
   1.0250000000000000E-002   1.5490371221789534E-003   4.5642613090977830        29.994128218058918     
   1.0300000000000000E-002   1.5102208600997276E-003   4.5651303082979791        30.024850873827560     
   1.0350000000000000E-002   1.4727386055496993E-003   4.5658300457005083        30.054679898541455     
   1.0400000000000001E-002   1.4365334699907863E-003   4.5663707471485822        30.083621070784517     
   1.0450000000000001E-002   1.4015513696798306E-003   4.5667674976391623        30.111681913651260     
   1.0500000000000001E-002   1.3677408755023803E-003   4.5670393482619298        30.138872544734795     
   1.0550000000000000E-002   1.3350530708537427E-003   4.5672083236040626        30.165206309364976     
   1.0600000000000000E-002   1.3034414172120247E-003   4.5672983751057057        30.190700189658333     
   1.0650000000000000E-002   1.2728616270472836E-003   4.5673343249478844        30.215374990896866     
   1.0700000000000001E-002   1.2432715437140157E-003   4.5673408425180577        30.239255315082495     
   1.0750000000000001E-002   1.2146310279802252E-003   4.5673414915266983        30.262369338945689     
   1.0800000000000001E-002   1.1869018508544849E-003   4.5673578806800252        30.284748419997715     
   1.0850000000000000E-002   1.1600475923823281E-003   4.5674089447177435        30.306426559238879     
   1.0900000000000000E-002   1.1340335460943705E-003   4.5675103758867506        30.327439752760199     
   1.0950000000000000E-002   1.1088266288005386E-003   4.5676742188352284        30.347825266652077     
   1.1000000000000001E-002   1.0843952954372508E-003   4.5679086347646516        30.367620870366398     
   1.1050000000000001E-002   1.0607094586872251E-003   4.5682178337435362        30.386864063027275     
   1.1100000000000000E-002   1.0377404131044615E-003   4.5686021676155084        30.405591325257404     
   1.1150000000000000E-002   1.0154607634898566E-003   4.5690583701430434        30.423837426030651     
   1.1200000000000000E-002   9.9384435727556701E-004   4.5695799260963623        30.441634810058964     
   1.1250000000000001E-002   9.7286622068868799E-004   4.5701575470612914        30.459013086480397     
   1.1300000000000001E-002   9.5250249847692449E-004   4.5707797288919867        30.475998634357794     
   1.1350000000000001E-002   9.3273039699062852E-004   4.5714333640197724        30.492614334954276     
   1.1400000000000000E-002   9.1352813042687583E-004   4.5721043812481570        30.508879435149570     
   1.1450000000000000E-002   8.9487487005210126E-004   4.5727783861738773        30.524809540917289     
   1.1500000000000000E-002   8.7675069623016069E-004   4.5734412768932664        30.540416734696350     
   1.1550000000000001E-002   8.5913655309261330E-004   4.5740798120673585        30.555709805934086     
   1.1600000000000001E-002   8.4201420569742695E-004   4.5746821115854246        30.570694580198882     
   1.1650000000000001E-002   8.2536619953125449E-004   4.5752380738218870        30.585374329167248     
   1.1700000000000000E-002   8.0917582221895327E-004   4.5757396976491052        30.599750241559452     
   1.1750000000000000E-002   7.9342706731201933E-004   4.5761813017655877        30.613821933767245     
   1.1800000000000000E-002   7.7810460003524236E-004   4.5765596383440776        30.627587978488990     
   1.1850000000000001E-002   7.6319372487805689E-004   4.5768739023229399        30.641046430129045     
   1.1900000000000001E-002   7.4868035492383928E-004   4.5771256416975330        30.654195326965638     
   1.1950000000000001E-002   7.3455098281679176E-004   4.5773185777754719        30.667033152053378     
   1.2000000000000000E-002   7.2079265327207179E-004   4.5774583474240833        30.679559237389078     
   1.2050000000000000E-002   7.0739293704048236E-004   4.5775521817701224        30.691774098901814     
   1.2100000000000001E-002   6.9433990624437488E-004   4.5776085375499918        30.703679693188093     
   1.2150000000000001E-002   6.8162211100641554E-004   4.5776366983221113        30.715279590453104     
   1.2200000000000001E-002   6.6922855729757908E-004   4.5776463630399613        30.726579061692846     
   1.2250000000000000E-002   6.5714868593515848E-004   4.5776472390709841        30.737585081618594     
   1.2300000000000000E-002   6.4537235266572818E-004   4.5776486556848210        30.748306252055869     
   1.2350000000000000E-002   6.3388980927189950E-004   4.5776592123986033        30.758752653430601     
   1.2400000000000001E-002   6.2269168564537010E-004   4.5776864744498287        30.768935634391664     
   1.2450000000000001E-002   6.1176897277220475E-004   4.5777367251754741        30.778867551538216     
   1.2500000000000001E-002   6.0111300657950128E-004   4.5778147823251549        30.788561472573850     
   1.2550000000000000E-002   5.9071545259564294E-004   4.5779238824466146        30.798030856972176     
   1.2600000000000000E-002   5.8056829137914830E-004   4.5780656345731607        30.807289228409985     
   1.2650000000000000E-002   5.7066380467381619E-004   4.5782400416294751        30.816349852826484     
   1.2700000000000001E-002   5.6099456225035445E-004   4.5784455853597823        30.825225435043787     
   1.2750000000000001E-002   5.5155340939702429E-004   4.5786793682631295        30.833927845496405     
   1.2800000000000001E-002   5.4233345502403460E-004   4.5789373040711121        30.842467886842627     
   1.2850000000000000E-002   5.3332806034848393E-004   4.5792143467824156        30.850855108156480     
   1.2900000000000000E-002   5.2453082812859157E-004   4.5795047472151262        30.859097672121028     
   1.2950000000000001E-002   5.1593559241776212E-004   4.5798023254710696        30.867202278261090     
   1.3000000000000001E-002   5.0753640881075397E-004   4.5801007476256368        30.875174142864509     
   1.3050000000000001E-002   4.9932754515580585E-004   4.5803937953420704        30.883017033939844     
   1.3100000000000001E-002   4.9130347270809403E-004   4.5806756179239585        30.890733357431390     
   1.3150000000000000E-002   4.8345885770129348E-004   4.5809409575118254        30.898324289034953     
   1.3200000000000000E-002   4.7578855331535246E-004   4.5811853396347324        30.905789944392357     
   1.3250000000000001E-002   4.6828759201982293E-004   4.5814052230721636        30.913129579236475     
   1.3300000000000001E-002   4.6095117827327659E-004   4.5815981048853818        30.920341810242583     
   1.3350000000000001E-002   4.5377468156041173E-004   4.5817625784586475        30.927424846930570     
   1.3400000000000000E-002   4.4675362974951814E-004   4.5818983443675139        30.934376724953871     
   1.3450000000000000E-002   4.3988370275391161E-004   4.5820061757860033        30.941195531486922     
   1.3500000000000000E-002   4.3316072648187637E-004   4.5820878418857420        30.947879614151621     
   1.3550000000000001E-002   4.2658066706051373E-004   4.5821459942060523        30.954427765959981     
   1.3600000000000001E-002   4.2013962531969309E-004   4.5821840222338643        30.960839380040305     
   1.3650000000000001E-002   4.1383383152306585E-004   4.5822058853879630        30.967114569395513     
   1.3700000000000000E-002   4.0765964033382182E-004   4.5822159292291209        30.973254248547775     
   1.3750000000000000E-002   4.0161352600352962E-004   4.5822186940055696        30.979260175584173     
   1.3800000000000002E-002   3.9569207777304577E-004   4.5822187235953988        30.985134954765652     
   1.3850000000000001E-002   3.8989199547506719E-004   4.5822203825402630        30.990882001431316     
   1.3900000000000001E-002   3.8421008532846116E-004   4.5822276882065189        30.996505472363101     
   1.3950000000000001E-002   3.7864325591504562E-004   4.5822441641991958        31.002010166021144     
   1.4000000000000000E-002   3.7318851432997677E-004   4.5822727200379596        31.007401398076368     
   1.4050000000000000E-002   3.6784296249738280E-004   4.5823155608354531        31.012684858423036     
   1.4100000000000001E-002   3.6260379364331456E-004   4.5823741293539966        31.017866456331550     
   1.4150000000000001E-002   3.5746828891851200E-004   4.5824490814148051        31.022952160593000     
   1.4200000000000001E-002   3.5243381416386716E-004   4.5825402942519586        31.027947841416502     
   1.4250000000000001E-002   3.4749781681184440E-004   4.5826469060954862        31.032859120483291     
   1.4300000000000000E-002   3.4265782291746519E-004   4.5827673840830840        31.037691234963365     
   1.4350000000000000E-002   3.3791143431279562E-004   4.5828996165802520        31.042448920494689     
   1.4400000000000001E-002   3.3325632587918440E-004   4.5830410251678950        31.047136317152400     
   1.4450000000000001E-002   3.2869024293180090E-004   4.5831886909592168        31.051756901341474     
   1.4500000000000001E-002   3.2421099871128979E-004   4.5833394895487869        31.056313445379647     
   1.4550000000000000E-002   3.1981647197763379E-004   4.5834902287806489        31.060808005347365     
   1.4600000000000000E-002   3.1550460470155438E-004   4.5836377836440825        31.065241936616491     
   1.4650000000000002E-002   3.1127339984902090E-004   4.5837792229507555        31.069615935375300     
   1.4700000000000001E-002   3.0712091925465880E-004   4.5839119229928276        31.073930103484226     
   1.4750000000000001E-002   3.0304528158005549E-004   4.5840336640982509        31.078184033160220     
   1.4800000000000001E-002   2.9904466035316494E-004   4.5841427068517353        31.082376907324829     
   1.4850000000000000E-002   2.9511728208519539E-004   4.5842378456981638        31.086507610981837     
   1.4900000000000000E-002   2.9126142446154655E-004   4.5843184386479798        31.090574848725833     
   1.4950000000000001E-002   2.8747541460352537E-004   4.5843844128189861        31.094577263425755     
   1.5000000000000001E-002   2.8375762739773575E-004   4.5844362465350423        31.098513551271786     
   1.5050000000000001E-002   2.8010648389018060E-004   4.5844749296209351        31.102382568706155     
   1.5100000000000001E-002   2.7652044974226328E-004   4.5845019043500645        31.106183427257978     
   1.5150000000000000E-002   2.7299803374600972E-004   4.5845189901886805        31.109915572942821     
   1.5200000000000000E-002   2.6953778639595593E-004   4.5845282960146578        31.113578847638124     
   1.5250000000000001E-002   2.6613829851527534E-004   4.5845321238546539        31.117173530671678     
   1.5300000000000001E-002   2.6279819993382732E-004   4.5845328683726141        31.120700359726154     
   1.5350000000000001E-002   2.5951615821592338E-004   4.5845329163541013        31.124160531031830     
   1.5400000000000000E-002   2.5629087743570862E-004   4.5845345502710071        31.127555679657302     
   1.5450000000000000E-002   2.5312109699815444E-004   4.5845398596927165        31.130887841481663     
   1.5500000000000000E-002   2.5000559050375210E-004   4.5845506638513811        31.134159399112555     
   1.5550000000000001E-002   2.4694316465508520E-004   4.5845684480942639        31.137373014579012     
   1.5600000000000001E-002   2.4393265820354449E-004   4.5845943162924812        31.140531552057439     
   1.5650000000000001E-002   2.4097294093452411E-004   4.5846289605528465        31.143637994171378     
   1.5700000000000002E-002   2.3806291268952035E-004   4.5846726488290876        31.146695355534852     
   1.5750000000000000E-002   2.3520150242362146E-004   4.5847252302816575        31.149706597185361     
   1.5800000000000002E-002   2.3238766729694496E-004   4.5847861575216280        31.152674545382659     
   1.5850000000000000E-002   2.2962039179864999E-004   4.5848545242211660        31.155601817945428     
   1.5900000000000001E-002   2.2689868690220556E-004   4.5849291160050170        31.158490760876695     
   1.5950000000000002E-002   2.2422158925066200E-004   4.5850084720740112        31.161343397511811     
   1.6000000000000000E-002   2.2158816037072369E-004   4.5850909546677734        31.164161391834007     
   1.6050000000000002E-002   2.1899748591447548E-004   4.5851748232591767        31.166946026968290     
   1.6100000000000000E-002   2.1644867492767129E-004   4.5852583102916569        31.169698199211993     
   1.6150000000000001E-002   2.1394085914352905E-004   4.5853396953208962        31.172418427316394     
   1.6199999999999999E-002   2.1147319230103813E-004   4.5854173745979105        31.175106876124229     
   1.6250000000000001E-002   2.0904484948681393E-004   4.5854899234197601        31.177763393116049     
   1.6300000000000002E-002   2.0665502649958777E-004   4.5855561489613645        31.180387555944240     
   1.6350000000000000E-002   2.0430293923645078E-004   4.5856151317681526        31.182978728653794     
   1.6400000000000001E-002   2.0198782310001481E-004   4.5856662546130478        31.185536124015460     
   1.6449999999999999E-002   1.9970893242568687E-004   4.5857092179793879        31.188058869237100     
   1.6500000000000001E-002   1.9746553992828445E-004   4.5857440420001714        31.190546072275605     
   1.6550000000000002E-002   1.9525693616725978E-004   4.5857710552401691        31.192996886042117     
   1.6600000000000000E-002   1.9308242902982392E-004   4.5857908712288884        31.195410567971027     
   1.6650000000000002E-002   1.9094134323129527E-004   4.5858043541193201        31.197786532697439     
   1.6700000000000000E-002   1.8883301983202772E-004   4.5858125752427634        31.200124395943920     
   1.6750000000000001E-002   1.8675681577029365E-004   4.5858167626402988        31.202424008138685     
   1.6800000000000002E-002   1.8471210341053138E-004   4.5858182458669550        31.204685476754186     
   1.6850000000000000E-002   1.8269827010638340E-004   4.5858183984798089        31.206909176847418     
   1.6900000000000002E-002   1.8071471777798107E-004   4.5858185806347933        31.209095749780083     
   1.6950000000000000E-002   1.7876086250295185E-004   4.5858200841317647        31.211246090577951     
   1.7000000000000001E-002   1.7683613412064323E-004   4.5858240820700749        31.213361324835446     
   1.7049999999999999E-002   1.7493997584908612E-004   4.5858315850177247        31.215442776466574     
   1.7100000000000001E-002   1.7307184391423001E-004   4.5858434052693253        31.217491927932635     
   1.7150000000000002E-002   1.7123120719100951E-004   4.5858601303870810        31.219510374829564     
   1.7200000000000000E-002   1.6941754685581432E-004   4.5858821068019511        31.221499776885413     
   1.7250000000000001E-002   1.6763035604995337E-004   4.5859094338171795        31.223461807497500     
   1.7299999999999999E-002   1.6586913955372230E-004   4.5859419679215776        31.225398103928757     
   1.7350000000000001E-002   1.6413341347069427E-004   4.5859793369030095        31.227310220187000     
   1.7400000000000002E-002   1.6242270492187479E-004   4.5860209628697204        31.229199584436060     
   1.7450000000000000E-002   1.6073655174936999E-004   4.5860660929528656        31.231067462543276     
   1.7500000000000002E-002   1.5907450222923521E-004   4.5861138361898757        31.232914929066233     
   1.7550000000000000E-002   1.5743611479318380E-004   4.5861632048842571        31.234742846636546     
   1.7600000000000001E-002   1.5582095775884444E-004   4.5862131586091497        31.236551854325526     
   1.7650000000000002E-002   1.5422860906827351E-004   4.5862626489722436        31.238342365191667     
   1.7700000000000000E-002   1.5265865603443458E-004   4.5863106632880388        31.240114572828915     
   1.7750000000000002E-002   1.5111069509537170E-004   4.5863562654063115        31.241868466373234     
   1.7800000000000000E-002   1.4958433157581376E-004   4.5863986321165067        31.243603853096673     
   1.7850000000000001E-002   1.4807917945595296E-004   4.5864370837775938        31.245320387435829     
   1.7899999999999999E-002   1.4659486114715811E-004   4.5864711081005041        31.247017605074674     
   1.7950000000000001E-002   1.4513100727438230E-004   4.5865003763229071        31.248694960538216     
   1.8000000000000002E-002   1.4368725646504382E-004   4.5865247513499776        31.250351866657709     
   1.8050000000000000E-002   1.4226325514415963E-004   4.5865442877757792        31.251987734242082     
   1.8100000000000002E-002   1.4085865733552317E-004   4.5865592240338575        31.253602010332813     
   1.8149999999999999E-002   1.3947312446872532E-004   4.5865699672392806        31.255194213526750     
   1.8200000000000001E-002   1.3810632519182335E-004   4.5865770715655296        31.256763965017164     
   1.8250000000000002E-002   1.3675793518947167E-004   4.5865812112379487        31.258311014218915     
   1.8300000000000000E-002   1.3542763700633454E-004   4.5865831494124691        31.259835258099034     
   1.8350000000000002E-002   1.3411511987560600E-004   4.5865837043380280        31.261336753617343     
   1.8400000000000000E-002   1.3282007955247224E-004   4.5865837142699295        31.262815722980925     
   1.8450000000000001E-002   1.3154221815235247E-004   4.5865840026083848        31.264272551718509     
   1.8500000000000003E-002   1.3028124399376613E-004   4.5865853446831730        31.265707779873711     
   1.8550000000000001E-002   1.2903687144567494E-004   4.5865884374957702        31.267122086888254     
   1.8600000000000002E-002   1.2780882077915548E-004   4.5865938735704823        31.268516270986861     
   1.8650000000000000E-002   1.2659681802326534E-004   4.5866021198641258        31.269891224076101     
   1.8700000000000001E-002   1.2540059482496618E-004   4.5866135024490395        31.271247903322713     
   1.8749999999999999E-002   1.2421988831297709E-004   4.5866281974272338        31.272587300678282     
   1.8800000000000001E-002   1.2305444096543061E-004   4.5866462282653488        31.273910411663724     
   1.8850000000000002E-002   1.2190400048121457E-004   4.5866674694720828        31.275218204718872     
   1.8900000000000000E-002   1.2076831965488089E-004   4.5866916562827331        31.276511592361082     
   1.8950000000000002E-002   1.1964715625501030E-004   4.5867183997796293        31.277791405286688     
   1.9000000000000000E-002   1.1854027290592624E-004   4.5867472066714843        31.279058370395735     
   1.9050000000000001E-002   1.1744743697265133E-004   4.5867775027866049        31.280313093531671     
   1.9100000000000002E-002   1.1636842044900787E-004   4.5868086592101891        31.281556047511906     
   1.9150000000000000E-002   1.1530299984876390E-004   4.5868400199184896        31.282787565792098     
   1.9200000000000002E-002   1.1425095609973135E-004   4.5868709297341681        31.284007841866739     
   1.9250000000000000E-002   1.1321207444072627E-004   4.5869007614475601        31.285216934270832     
   1.9300000000000001E-002   1.1218614432130237E-004   4.5869289410155094        31.286414776822092     
   1.9350000000000003E-002   1.1117295930417483E-004   4.5869549698589349        31.287601193538773     
   1.9400000000000001E-002   1.1017231697025159E-004   4.5869784434266521        31.288775917492771     
   1.9450000000000002E-002   1.0918401882619347E-004   4.5869990653692216        31.289938612717307     
   1.9500000000000000E-002   1.0820787021442799E-004   4.5870166568646979        31.291088898188200     
   1.9550000000000001E-002   1.0724368022554104E-004   4.5870311608494072        31.292226372840130     
   1.9599999999999999E-002   1.0629126161297777E-004   4.5870426411223564        31.293350640565912     
   1.9650000000000001E-002   1.0535043070998123E-004   4.5870512765026170        31.294461334176599     
   1.9700000000000002E-002   1.0442100734870516E-004   4.5870573504166003        31.295558137371135     
   1.9750000000000000E-002   1.0350281478143385E-004   4.5870612364688670        31.296640803871934     
   1.9800000000000002E-002   1.0259567960384800E-004   4.5870633806993144        31.297709173022081     
   1.9850000000000000E-002   1.0169943168027790E-004   4.5870642813459908        31.298763181303968     
   1.9900000000000001E-002   1.0081390407088245E-004   4.5870644670124925        31.299802869421065     
   1.9950000000000002E-002   9.9938932960700886E-005   4.5870644741796980        31.300828384775887     
   2.0000000000000000E-002   9.9074357590521383E-005   4.5870648250028410        31.301839979370406     
   2.0050000000000002E-002   9.8220020189513003E-005   4.5870660062976887        31.302838003341829     
   2.0100000000000000E-002   9.7375765909572400E-005   4.5870684505463899        31.303822894519701     
   2.0150000000000001E-002   9.6541442761333276E-005   4.5870725196483697        31.304795164542885     
   2.0200000000000003E-002   9.5716901551792804E-005   4.5870784920096446        31.305755382201305     
   2.0250000000000001E-002   9.4901995823507942E-005   4.5870865534111624        31.306704154763231     
   2.0300000000000002E-002   9.4096581795316542E-005   4.5870967919301178        31.307642108111029     
   2.0350000000000000E-002   9.3300518304541367E-005   4.5871091970147351        31.308569866535077     
   2.0400000000000001E-002   9.2513666750632922E-005   4.5871236626400860        31.309488033026973     
   2.0449999999999999E-002   9.1735891040212698E-005   4.5871399943071332        31.310397170870246     
   2.0500000000000001E-002   9.0967057533475663E-005   4.5871579194958931        31.311297787252485     
   2.0550000000000002E-002   9.0207034991915397E-005   4.5871771010522888        31.312190319520713     
   2.0600000000000000E-002   8.9455694527333407E-005   4.5871971528816209        31.313075124577100     
   2.0650000000000002E-002   8.8712909552098162E-005   4.5872176572434773        31.313952471770211     
   2.0700000000000000E-002   8.7978555730618902E-005   4.5872381828956490        31.314822539484286     
   2.0750000000000001E-002   8.7252510931999370E-005   4.5872583033194472        31.315685415472107     
   2.0800000000000003E-002   8.6534655183841542E-005   4.5872776142754219        31.316541100822157     
   2.0850000000000000E-002   8.5824870627164787E-005   4.5872957499854508        31.317389517304559     
   2.0900000000000002E-002   8.5123041472412030E-005   4.5873123973117149        31.318230517708205     
   2.0950000000000000E-002   8.4429053956512558E-005   4.5873273074015009        31.319063898668766     
   2.1000000000000001E-002   8.3742796300972263E-005   4.5873403043844005        31.319889415397856     
   2.1050000000000003E-002   8.3064158670964703E-005   4.5873512908400285        31.320706797660772     
   2.1100000000000001E-002   8.2393033135394367E-005   4.5873602498941173        31.321515766315599     
   2.1150000000000002E-002   8.1729313627906973E-005   4.5873672439428175        31.322316049720996     
   2.1200000000000000E-002   8.1072895908821521E-005   4.5873724101434430        31.323107399342881     
   2.1250000000000002E-002   8.0423677527958337E-005   4.5873759529390767        31.323889603940131     
   2.1299999999999999E-002   7.9781557788340731E-005   4.5873781339994553        31.324662501783397     
   2.1350000000000001E-002   7.9146437710745258E-005   4.5873792600569452        31.325425990455567     
   2.1400000000000002E-002   7.8518219999079917E-005   4.5873796691907858        31.326180033893060     
   2.1450000000000000E-002   7.7896809006566993E-005   4.5873797161625944        31.326924666448939     
   2.1500000000000002E-002   7.7282110702709853E-005   4.5873797574299822        31.327659993886524     
   2.1550000000000000E-002   7.6674032641023597E-005   4.5873801364626985        31.328386191340492     
   2.1600000000000001E-002   7.6072483927508308E-005   4.5873811699577507        31.329103498406038     
   2.1650000000000003E-002   7.5477375189847326E-005   4.5873831354982233        31.329812211630568     
   2.1700000000000001E-002   7.4888618547309623E-005   4.5873862611277270        31.330512674782238     
   2.1750000000000002E-002   7.4306127581339769E-005   4.5873907172220889        31.331205267351727     
   2.1800000000000000E-002   7.3729817306816855E-005   4.5873966109361355        31.331890391804887     
   2.1850000000000001E-002   7.3159604143964926E-005   4.5874039833908107        31.332568460142497     
   2.1899999999999999E-002   7.2595405890899171E-005   4.5874128096492734        31.333239880338148     
   2.1950000000000001E-002   7.2037141696790181E-005   4.5874230014148374        31.333905043216348     
   2.2000000000000002E-002   7.1484732035632058E-005   4.5874344122734438        31.334564310301037     
   2.2050000000000000E-002   7.0938098680597592E-005   4.5874468452031216        31.335218003112047     
   2.2100000000000002E-002   7.0397164678966383E-005   4.5874600619864738        31.335866394315822     
   2.2150000000000000E-002   6.9861854327611531E-005   4.5874737940928352        31.336509701050765     
   2.2200000000000001E-002   6.9332093149030013E-005   4.5874877545468120        31.337148080650394     
   2.2250000000000002E-002   6.8807807867903996E-005   4.5875016502710100        31.337781628883629     
   2.2300000000000000E-002   6.8288926388179188E-005   4.5875151943835499        31.338410380725147     
   2.2350000000000002E-002   6.7775377770647305E-005   4.5875281179452809        31.339034313564454     
   2.2400000000000000E-002   6.7267092211020535E-005   4.5875401806862719        31.339653352664246     
   2.2450000000000001E-002   6.6764001018485304E-005   4.5875511802943203        31.340267378590656     
   2.2500000000000003E-002   6.6266036594723717E-005   4.5875609599172495        31.340876236263504     
   2.2550000000000001E-002   6.5773132413390875E-005   4.5875694136124476        31.341479745216429     
   2.2600000000000002E-002   6.5285223000037309E-005   4.5875764895677813        31.342077710616628     
   2.2650000000000000E-002   6.4802243912465089E-005   4.5875821910138175        31.342669934573419     
   2.2700000000000001E-002   6.4324131721507077E-005   4.5875865748440701        31.343256227263904     
   2.2749999999999999E-002   6.3850823992219597E-005   4.5875897480538441        31.343836417422690     
   2.2800000000000001E-002   6.3382259265477452E-005   4.5875918621953824        31.344410361779286     
   2.2850000000000002E-002   6.2918377039962331E-005   4.5875931061239488        31.344977953079798     
   2.2900000000000000E-002   6.2459117754534794E-005   4.5875936973733946        31.345539126396240     
   2.2950000000000002E-002   6.2004422770980372E-005   4.5875938725482541        31.346093863504041     
   2.3000000000000000E-002   6.1554234357121370E-005   4.5875938771508835        31.346642195192878     
   2.3050000000000001E-002   6.1108495670284777E-005   4.5875939552757341        31.347184201464064     
   2.3100000000000002E-002   6.0667150741118739E-005   4.5875943395983452        31.347720009655749     
   2.3150000000000000E-002   6.0230144457748184E-005   4.5875952420646859        31.348249790621406     
   2.3200000000000002E-002   5.9797422550262511E-005   4.5875968456483536        31.348773753164345     
   2.3250000000000000E-002   5.9368931575526841E-005   4.5875992974907938        31.349292136998045     
   2.3300000000000001E-002   5.8944618902309546E-005   4.5876027036756062        31.349805204556588     
   2.3350000000000003E-002   5.8524432696718337E-005   4.5876071258150510        31.350313232019374     
   2.3400000000000001E-002   5.8108321907937792E-005   4.5876125795482547        31.350816499938386     
   2.3450000000000002E-002   5.7696236254261134E-005   4.5876190349696877        31.351315283863737     
   2.3500000000000000E-002   5.7288126209409708E-005   4.5876264189266474        31.351809845354449     
   2.3550000000000001E-002   5.6883942989132849E-005   4.5876346190489299        31.352300423736683     
   2.3599999999999999E-002   5.6483638538082423E-005   4.5876434893056821        31.352787228932868     
   2.3650000000000001E-002   5.6087165516954709E-005   4.5876528568261570        31.353270435633682     
   2.3700000000000002E-002   5.5694477289894408E-005   4.5876625296749856        31.353750179023582     
   2.3750000000000000E-002   5.5305527912154095E-005   4.5876723052401953        31.354226552201837     
   2.3800000000000002E-002   5.4920272118003270E-005   4.5876819788746053        31.354699605368104     
   2.3850000000000000E-002   5.4538665308881817E-005   4.5876913524287870        31.355169346767365     
   2.3900000000000001E-002   5.4160663541791523E-005   4.5877002423262789        31.355635745316746     
   2.3950000000000003E-002   5.3786223517920857E-005   4.5877084868583120        31.356098734769205     
   2.4000000000000000E-002   5.3415302571497421E-005   4.5877159524145688        31.356558219208971     
   2.4050000000000002E-002   5.3047858658862649E-005   4.5877225384165543        31.357014079623315     
   2.4100000000000000E-002   5.2683850347764646E-005   4.5877281807786989        31.357466181256534     
   2.4150000000000001E-002   5.2323236806862863E-005   4.5877328537867808        31.357914381426216     
   2.4200000000000003E-002   5.1965977795441221E-005   4.5877365703508382        31.358358537469876     
   2.4250000000000001E-002   5.1612033653324119E-005   4.5877393806576148        31.358798514491856     
   2.4300000000000002E-002   5.1261365290990811E-005   4.5877413693129512        31.359234192595846     
   2.4350000000000000E-002   5.0913934179884604E-005   4.5877426511247581        31.359665473316340     
   2.4400000000000002E-002   5.0569702342911141E-005   4.5877433657299287        31.360092285001617     
   2.4450000000000000E-002   5.0228632345123022E-005   4.5877436713117641        31.360514586949265     
   2.4500000000000001E-002   4.9890687284585314E-005   4.5877437376866315        31.360932372151037     
   2.4550000000000002E-002   4.9555830783419173E-005   4.5877437390585474        31.361345668564130     
   2.4600000000000000E-002   4.9224026979018739E-005   4.5877438467476424        31.361754538888434     
   2.4650000000000002E-002   4.8895240515437589E-005   4.5877442221929883        31.362159078891363     
   2.4700000000000000E-002   4.8569436534942074E-005   4.5877450105125277        31.362559414380716     
   2.4750000000000001E-002   4.8246580669726114E-005   4.5877463348738745        31.362955696979622     
   2.4800000000000003E-002   4.7926639033785694E-005   4.5877482918909305        31.363348098903710     
   2.4850000000000001E-002   4.7609578214948385E-005   4.5877509482144418        31.363736806977414     
   2.4900000000000002E-002   4.7295365267055013E-005   4.5877543384318535        31.364122016152763     
   2.4950000000000000E-002   4.6983967702290242E-005   4.5877584643354341        31.364503922808808     
   2.5000000000000001E-002   4.6675353483658647E-005   4.5877632955600181        31.364882718113119     
   2.5050000000000003E-002   4.6369491017603316E-005   4.5877687715352344        31.365258581718187     
   2.5100000000000001E-002   4.6066349146763695E-005   4.5877748046440949        31.365631676046135     
   2.5150000000000002E-002   4.5765897142870064E-005   4.5877812844323476        31.366002141385472     
   2.5200000000000000E-002   4.5468104699771353E-005   4.5877880826729589        31.366370091985562     
   2.5250000000000002E-002   4.5172941926593608E-005   4.5877950590589220        31.366735613289432     
   2.5300000000000000E-002   4.4880379341026565E-005   4.5878020672764190        31.367098760395702     
   2.5350000000000001E-002   4.4590387862735044E-005   4.5878089611998289        31.367459557787846     
   2.5400000000000002E-002   4.4302938806893285E-005   4.5878156009504201        31.367818000316014     
   2.5450000000000000E-002   4.4018003877838830E-005   4.5878218585715196        31.368174055365230     
   2.5500000000000002E-002   4.3735555162844082E-005   4.5878276230938688        31.368527666096313     
   2.5550000000000000E-002   4.3455565126002916E-005   4.5878328047946653        31.368878755603916     
   2.5600000000000001E-002   4.3178006602229409E-005   4.5878373384910871        31.369227231801538     
   2.5650000000000003E-002   4.2902852791367366E-005   4.5878411857521524        31.369572992817179     
   2.5700000000000001E-002   4.2630077252407349E-005   4.5878443359597485        31.369915932666796     
   2.5750000000000002E-002   4.2359653897809501E-005   4.5878468061985291        31.370255946965919     
   2.5800000000000000E-002   4.2091556987929934E-005   4.5878486400030694        31.370592938443160     
   2.5850000000000001E-002   4.1825761125548337E-005   4.5878499050372294        31.370926822032249     
   2.5900000000000003E-002   4.1562241250494997E-005   4.5878506898231759        31.371257529341221     
   2.5950000000000001E-002   4.1300972634374938E-005   4.5878510996743209        31.371585012327042     
   2.6000000000000002E-002   4.1041930875387246E-005   4.5878512520161641        31.371909246040282     
   2.6050000000000000E-002   4.0785091893237916E-005   4.5878512713005453        31.372230230345458     
   2.6100000000000002E-002   4.0530431924143695E-005   4.5878512837314531        31.372547990566847     
   2.6150000000000000E-002   4.0277927515925935E-005   4.5878514120239320        31.372862577054860     
   2.6200000000000001E-002   4.0027555523191529E-005   4.5878517704118202        31.373174063712735     
   2.6250000000000002E-002   3.9779293102600452E-005   4.5878524601054798        31.373482545565317     
   2.6300000000000000E-002   3.9533117708216976E-005   4.5878535653781052        31.373788135489637     
   2.6350000000000002E-002   3.9289007086943570E-005   4.5878551504297080        31.374090960259181     
   2.6400000000000000E-002   3.9046939274035684E-005   4.5878572571428426        31.374391156078975     
   2.6450000000000001E-002   3.8806892588695590E-005   4.5878599038050769        31.374688863806174     
   2.6500000000000003E-002   3.8568845629744045E-005   4.5878630848318620        31.374984224059940     
   2.6550000000000001E-002   3.8332777271367947E-005   4.5878667714815036        31.375277372424879     
   2.6600000000000002E-002   3.8098666658942338E-005   4.5878709135131768        31.375568434944533     
   2.6650000000000000E-002   3.7866493204925935E-005   4.5878754417009873        31.375857524085468     
   2.6700000000000002E-002   3.7636236584827863E-005   4.5878802710834581        31.376144735329628     
   2.6750000000000003E-002   3.7407876733244919E-005   4.5878853047998414        31.376430144523564     
   2.6800000000000001E-002   3.7181393839967429E-005   4.5878904383433525        31.376713806079398     
   2.6850000000000002E-002   3.6956768346152751E-005   4.5878955640475230        31.376995752085442     
   2.6900000000000000E-002   3.6733980940564842E-005   4.5879005756158282        31.377275992345638     
   2.6950000000000002E-002   3.6513012555878674E-005   4.5879053725066532        31.377554515328342     
   2.7000000000000000E-002   3.6293844365048359E-005   4.5879098639952609        31.377831289967812     
   2.7050000000000001E-002   3.6076457777737380E-005   4.5879139727512177        31.378106268227651     
   2.7100000000000003E-002   3.5860834436810310E-005   4.5879176377928399        31.378379388305749     
   2.7150000000000001E-002   3.5646956214884126E-005   4.5879208167086079        31.378650578336153     
   2.7200000000000002E-002   3.5434805210938453E-005   4.5879234870678554        31.378919760425507     
   2.7250000000000000E-002   3.5224363746983645E-005   4.5879256469780101        31.379186854851046     
   2.7300000000000001E-002   3.5015614364785021E-005   4.5879273147816964        31.379451784243756     
   2.7350000000000003E-002   3.4808539822642963E-005   4.5879285279226369        31.379714477584287     
   2.7400000000000001E-002   3.4603123092227106E-005   4.5879293410430728        31.379974873850237     
   2.7450000000000002E-002   3.4399347355464000E-005   4.5879298234059167        31.380232925170883     
   2.7500000000000000E-002   3.4197196001477165E-005   4.5879300557609923        31.380488599368451     
   2.7550000000000002E-002   3.3996652623578278E-005   4.5879301267953805        31.380741881792758     
   2.7600000000000003E-002   3.3797701016309029E-005   4.5879301293224080        31.380992776386812     
   2.7650000000000001E-002   3.3600325172532059E-005   4.5879301563717148        31.381241305954060     
   2.7700000000000002E-002   3.3404509280570570E-005   4.5879302973438199        31.381487511631359     
   2.7750000000000000E-002   3.3210237721395407E-005   4.5879306343869040        31.381731451604530     
   2.7800000000000002E-002   3.3017495065858872E-005   4.5879312391413691        31.381973199133888     
   2.7850000000000000E-002   3.2826266071974261E-005   4.5879321699798297        31.382212839984419     
   2.7900000000000001E-002   3.2636535682240296E-005   4.5879334698473482        31.382450469378036     
   2.7950000000000003E-002   3.2448289021009713E-005   4.5879351647799789        31.382686188602914     
   2.8000000000000001E-002   3.2261511391901084E-005   4.5879372631502324        31.382920101426539     
   2.8050000000000002E-002   3.2076188275253111E-005   4.5879397556571320        31.383152310464499     
   2.8100000000000000E-002   3.1892305325620492E-005   4.5879426160474752        31.383382913656032     
   2.8150000000000001E-002   3.1709848369310841E-005   4.5879458025249562        31.383612000990134     
   2.8200000000000003E-002   3.1528803401961528E-005   4.5879492597761935        31.383839651613052     
   2.8250000000000001E-002   3.1349156586156280E-005   4.5879529215185473        31.384065931429795     
   2.8300000000000002E-002   3.1170894249079918E-005   4.5879567134548047        31.384290891289826     
   2.8350000000000000E-002   3.0994002880211621E-005   4.5879605565051209        31.384514565821291     
   2.8400000000000002E-002   3.0818469129054948E-005   4.5879643701775352        31.384736972950236     
   2.8450000000000003E-002   3.0644279802904885E-005   4.5879680759351773        31.384958114112212     
   2.8500000000000001E-002   3.0471421864650503E-005   4.5879716004210378        31.385177975134990     
   2.8550000000000002E-002   3.0299882430612897E-005   4.5879748784095646        31.385396527743772     
   2.8600000000000000E-002   3.0129648768418002E-005   4.5879778553680417        31.385613731615415     
   2.8650000000000002E-002   2.9960708294903029E-005   4.5879804895289311        31.385829536886881     
   2.8700000000000000E-002   2.9793048574056599E-005   4.5879827533963580        31.386043887006068     
   2.8750000000000001E-002   2.9626657314991422E-005   4.5879846346346991        31.386256721801011     
   2.8800000000000003E-002   2.9461522369949320E-005   4.5879861363136776        31.386467980636759     
   2.8850000000000001E-002   2.9297631732337741E-005   4.5879872765114404        31.386677605527836     
   2.8900000000000002E-002   2.9134973534797339E-005   4.5879880873035743        31.386885544078535     
   2.8950000000000000E-002   2.8973536047300103E-005   4.5879886131908858        31.387091752132594     
   2.9000000000000001E-002   2.8813307675277308E-005   4.5879889090410311        31.387296196028025     
   2.9050000000000003E-002   2.8654276957776964E-005   4.5879890376377981        31.387498854370943     
   2.9100000000000001E-002   2.8496432565650115E-005   4.5879890669463990        31.387699719263772     
   2.9150000000000002E-002   2.8339763299765426E-005   4.5879890672129262        31.387898796946786     
   2.9200000000000000E-002   2.8184258089251772E-005   4.5879891080208743        31.388096107837022     
   2.9250000000000002E-002   2.8029905989768120E-005   4.5879892554272219        31.388291685973680     
   2.9300000000000003E-002   2.7876696181800310E-005   4.5879895692951145        31.388485577903598     
   2.9350000000000001E-002   2.7724617968984213E-005   4.5879901009299759        31.388677841062830     
   2.9400000000000003E-002   2.7573660776454917E-005   4.5879908911114731        31.388868541730250     
   2.9450000000000000E-002   2.7423814149221379E-005   4.5879919685957473        31.389057752645481     
   2.9500000000000002E-002   2.7275067750566061E-005   4.5879933491415921        31.389245550395575     
   2.9550000000000000E-002   2.7127411360469325E-005   4.5879950350916596        31.389432012682725     
   2.9600000000000001E-002   2.6980834874057808E-005   4.5879970155162884        31.389617215588181     
   2.9650000000000003E-002   2.6835328300076807E-005   4.5879992669041609        31.389801230945636     
   2.9700000000000001E-002   2.6690881759385793E-005   4.5880017543616738        31.389984123930947     
   2.9750000000000002E-002   2.6547485483477003E-005   4.5880044332625411        31.390165950964143     
   2.9800000000000000E-002   2.6405129813016506E-005   4.5880072512715566        31.390346758005162     
   2.9850000000000002E-002   2.6263805196407531E-005   4.5880101506523037        31.390526579307057     
   2.9900000000000003E-002   2.6123502188375459E-005   4.5880130707584161        31.390705436670341     
   2.9950000000000001E-002   2.5984211448574332E-005   4.5880159506021645        31.390883339220760     
   3.0000000000000002E-002   2.5845923740214272E-005   4.5880187313927561        31.391060283710672     
