-1000.000000  7.325250
-999.000000  7.319448
-998.000000  7.313651
-997.000000  7.307859
-996.000000  7.302073
-995.000000  7.296293
-994.000000  7.290517
-993.000000  7.284747
-992.000000  7.278981
-991.000000  7.273221
-990.000000  7.267465
-989.000000  7.261714
-988.000000  7.255968
-987.000000  7.250226
-986.000000  7.244489
-985.000000  7.238756
-984.000000  7.233028
-983.000000  7.227304
-982.000000  7.221584
-981.000000  7.215868
-980.000000  7.210157
-979.000000  7.204449
-978.000000  7.198745
-977.000000  7.193045
-976.000000  7.187348
-975.000000  7.181656
-974.000000  7.175966
-973.000000  7.170280
-972.000000  7.164597
-971.000000  7.158918
-970.000000  7.153242
-969.000000  7.147568
-968.000000  7.141898
-967.000000  7.136231
-966.000000  7.130566
-965.000000  7.124904
-964.000000  7.119245
-963.000000  7.113588
-962.000000  7.107933
-961.000000  7.102281
-960.000000  7.096631
-959.000000  7.090983
-958.000000  7.085338
-957.000000  7.079694
-956.000000  7.074052
-955.000000  7.068412
-954.000000  7.062773
-953.000000  7.057136
-952.000000  7.051500
-951.000000  7.045866
-950.000000  7.040233
-949.000000  7.034602
-948.000000  7.028971
-947.000000  7.023341
-946.000000  7.017712
-945.000000  7.012084
-944.000000  7.006457
-943.000000  7.000830
-942.000000  6.995204
-941.000000  6.989578
-940.000000  6.983952
-939.000000  6.978327
-938.000000  6.972702
-937.000000  6.967076
-936.000000  6.961451
-935.000000  6.955825
-934.000000  6.950199
-933.000000  6.944573
-932.000000  6.938946
-931.000000  6.933318
-930.000000  6.927690
-929.000000  6.922061
-928.000000  6.916431
-927.000000  6.910799
-926.000000  6.905167
-925.000000  6.899534
-924.000000  6.893899
-923.000000  6.888263
-922.000000  6.882625
-921.000000  6.876985
-920.000000  6.871344
-919.000000  6.865701
-918.000000  6.860055
-917.000000  6.854408
-916.000000  6.848759
-915.000000  6.843107
-914.000000  6.837453
-913.000000  6.831796
-912.000000  6.826137
-911.000000  6.820475
-910.000000  6.814810
-909.000000  6.809142
-908.000000  6.803471
-907.000000  6.797797
-906.000000  6.792120
-905.000000  6.786440
-904.000000  6.780756
-903.000000  6.775068
-902.000000  6.769377
-901.000000  6.763682
-900.000000  6.757983
-899.000000  6.752280
-898.000000  6.746572
-897.000000  6.740861
-896.000000  6.735145
-895.000000  6.729425
-894.000000  6.723700
-893.000000  6.717971
-892.000000  6.712237
-891.000000  6.706498
-890.000000  6.700754
-889.000000  6.695005
-888.000000  6.689250
-887.000000  6.683491
-886.000000  6.677726
-885.000000  6.671955
-884.000000  6.666179
-883.000000  6.660397
-882.000000  6.654609
-881.000000  6.648815
-880.000000  6.643015
-879.000000  6.637209
-878.000000  6.631396
-877.000000  6.625578
-876.000000  6.619752
-875.000000  6.613920
-874.000000  6.608081
-873.000000  6.602236
-872.000000  6.596383
-871.000000  6.590524
-870.000000  6.584657
-869.000000  6.578783
-868.000000  6.572901
-867.000000  6.567012
-866.000000  6.561116
-865.000000  6.555211
-864.000000  6.549299
-863.000000  6.543379
-862.000000  6.537451
-861.000000  6.531514
-860.000000  6.525570
-859.000000  6.519617
-858.000000  6.513655
-857.000000  6.507685
-856.000000  6.501707
-855.000000  6.495719
-854.000000  6.489723
-853.000000  6.483717
-852.000000  6.477702
-851.000000  6.471678
-850.000000  6.465645
-849.000000  6.459602
-848.000000  6.453550
-847.000000  6.447488
-846.000000  6.441416
-845.000000  6.435335
-844.000000  6.429243
-843.000000  6.423141
-842.000000  6.417029
-841.000000  6.410907
-840.000000  6.404774
-839.000000  6.398631
-838.000000  6.392477
-837.000000  6.386313
-836.000000  6.380137
-835.000000  6.373951
-834.000000  6.367754
-833.000000  6.361545
-832.000000  6.355325
-831.000000  6.349094
-830.000000  6.342851
-829.000000  6.336597
-828.000000  6.330331
-827.000000  6.324054
-826.000000  6.317764
-825.000000  6.311463
-824.000000  6.305149
-823.000000  6.298823
-822.000000  6.292485
-821.000000  6.286134
-820.000000  6.279771
-819.000000  6.273396
-818.000000  6.267008
-817.000000  6.260607
-816.000000  6.254193
-815.000000  6.247766
-814.000000  6.241326
-813.000000  6.234872
-812.000000  6.228406
-811.000000  6.221926
-810.000000  6.215433
-809.000000  6.208926
-808.000000  6.202405
-807.000000  6.195871
-806.000000  6.189322
-805.000000  6.182760
-804.000000  6.176184
-803.000000  6.169593
-802.000000  6.162989
-801.000000  6.156370
-800.000000  6.149736
-799.000000  6.143088
-798.000000  6.136425
-797.000000  6.129748
-796.000000  6.123056
-795.000000  6.116349
-794.000000  6.109627
-793.000000  6.102889
-792.000000  6.096137
-791.000000  6.089369
-790.000000  6.082586
-789.000000  6.075788
-788.000000  6.068974
-787.000000  6.062145
-786.000000  6.055299
-785.000000  6.048438
-784.000000  6.041561
-783.000000  6.034668
-782.000000  6.027759
-781.000000  6.020834
-780.000000  6.013893
-779.000000  6.006935
-778.000000  5.999961
-777.000000  5.992971
-776.000000  5.985964
-775.000000  5.978940
-774.000000  5.971900
-773.000000  5.964843
-772.000000  5.957769
-771.000000  5.950678
-770.000000  5.943570
-769.000000  5.936445
-768.000000  5.929302
-767.000000  5.922143
-766.000000  5.914966
-765.000000  5.907772
-764.000000  5.900560
-763.000000  5.893330
-762.000000  5.886083
-761.000000  5.878819
-760.000000  5.871536
-759.000000  5.864236
-758.000000  5.856917
-757.000000  5.849581
-756.000000  5.842227
-755.000000  5.834854
-754.000000  5.827463
-753.000000  5.820054
-752.000000  5.812627
-751.000000  5.805181
-750.000000  5.797717
-749.000000  5.790234
-748.000000  5.782732
-747.000000  5.775212
-746.000000  5.767673
-745.000000  5.760116
-744.000000  5.752539
-743.000000  5.744944
-742.000000  5.737329
-741.000000  5.729696
-740.000000  5.722043
-739.000000  5.714371
-738.000000  5.706680
-737.000000  5.698970
-736.000000  5.691240
-735.000000  5.683491
-734.000000  5.675723
-733.000000  5.667935
-732.000000  5.660127
-731.000000  5.652300
-730.000000  5.644454
-729.000000  5.636587
-728.000000  5.628701
-727.000000  5.620795
-726.000000  5.612869
-725.000000  5.604923
-724.000000  5.596957
-723.000000  5.588972
-722.000000  5.580966
-721.000000  5.572940
-720.000000  5.564894
-719.000000  5.556828
-718.000000  5.548742
-717.000000  5.540635
-716.000000  5.532508
-715.000000  5.524361
-714.000000  5.516193
-713.000000  5.508005
-712.000000  5.499797
-711.000000  5.491568
-710.000000  5.483318
-709.000000  5.475048
-708.000000  5.466757
-707.000000  5.458446
-706.000000  5.450114
-705.000000  5.441762
-704.000000  5.433388
-703.000000  5.424994
-702.000000  5.416579
-701.000000  5.408144
-700.000000  5.399687
-699.000000  5.391210
-698.000000  5.382712
-697.000000  5.374193
-696.000000  5.365653
-695.000000  5.357092
-694.000000  5.348510
-693.000000  5.339907
-692.000000  5.331283
-691.000000  5.322638
-690.000000  5.313972
-689.000000  5.305285
-688.000000  5.296577
-687.000000  5.287848
-686.000000  5.279098
-685.000000  5.270327
-684.000000  5.261534
-683.000000  5.252720
-682.000000  5.243886
-681.000000  5.235030
-680.000000  5.226153
-679.000000  5.217254
-678.000000  5.208335
-677.000000  5.199394
-676.000000  5.190432
-675.000000  5.181449
-674.000000  5.172445
-673.000000  5.163420
-672.000000  5.154373
-671.000000  5.145306
-670.000000  5.136217
-669.000000  5.127107
-668.000000  5.117975
-667.000000  5.108823
-666.000000  5.099649
-665.000000  5.090455
-664.000000  5.081239
-663.000000  5.072002
-662.000000  5.062743
-661.000000  5.053464
-660.000000  5.044164
-659.000000  5.034842
-658.000000  5.025500
-657.000000  5.016136
-656.000000  5.006751
-655.000000  4.997345
-654.000000  4.987919
-653.000000  4.978471
-652.000000  4.969002
-651.000000  4.959512
-650.000000  4.950002
-649.000000  4.940470
-648.000000  4.930918
-647.000000  4.921345
-646.000000  4.911751
-645.000000  4.902136
-644.000000  4.892500
-643.000000  4.882844
-642.000000  4.873167
-641.000000  4.863469
-640.000000  4.853750
-639.000000  4.844011
-638.000000  4.834252
-637.000000  4.824471
-636.000000  4.814671
-635.000000  4.804850
-634.000000  4.795008
-633.000000  4.785146
-632.000000  4.775264
-631.000000  4.765361
-630.000000  4.755438
-629.000000  4.745495
-628.000000  4.735532
-627.000000  4.725548
-626.000000  4.715545
-625.000000  4.705521
-624.000000  4.695478
-623.000000  4.685414
-622.000000  4.675331
-621.000000  4.665228
-620.000000  4.655105
-619.000000  4.644963
-618.000000  4.634800
-617.000000  4.624618
-616.000000  4.614417
-615.000000  4.604196
-614.000000  4.593956
-613.000000  4.583696
-612.000000  4.573417
-611.000000  4.563119
-610.000000  4.552802
-609.000000  4.542465
-608.000000  4.532110
-607.000000  4.521735
-606.000000  4.511342
-605.000000  4.500930
-604.000000  4.490499
-603.000000  4.480049
-602.000000  4.469581
-601.000000  4.459094
-600.000000  4.448589
-599.000000  4.438066
-598.000000  4.427524
-597.000000  4.416964
-596.000000  4.406385
-595.000000  4.395789
-594.000000  4.385175
-593.000000  4.374543
-592.000000  4.363893
-591.000000  4.353225
-590.000000  4.342540
-589.000000  4.331837
-588.000000  4.321116
-587.000000  4.310379
-586.000000  4.299623
-585.000000  4.288851
-584.000000  4.278062
-583.000000  4.267256
-582.000000  4.256432
-581.000000  4.245592
-580.000000  4.234735
-579.000000  4.223862
-578.000000  4.212972
-577.000000  4.202066
-576.000000  4.191143
-575.000000  4.180204
-574.000000  4.169249
-573.000000  4.158278
-572.000000  4.147291
-571.000000  4.136288
-570.000000  4.125270
-569.000000  4.114236
-568.000000  4.103186
-567.000000  4.092122
-566.000000  4.081041
-565.000000  4.069946
-564.000000  4.058836
-563.000000  4.047711
-562.000000  4.036571
-561.000000  4.025416
-560.000000  4.014247
-559.000000  4.003063
-558.000000  3.991865
-557.000000  3.980653
-556.000000  3.969427
-555.000000  3.958186
-554.000000  3.946932
-553.000000  3.935664
-552.000000  3.924383
-551.000000  3.913088
-550.000000  3.901780
-549.000000  3.890459
-548.000000  3.879124
-547.000000  3.867777
-546.000000  3.856416
-545.000000  3.845043
-544.000000  3.833658
-543.000000  3.822260
-542.000000  3.810850
-541.000000  3.799428
-540.000000  3.787993
-539.000000  3.776547
-538.000000  3.765089
-537.000000  3.753620
-536.000000  3.742139
-535.000000  3.730647
-534.000000  3.719143
-533.000000  3.707629
-532.000000  3.696103
-531.000000  3.684567
-530.000000  3.673021
-529.000000  3.661464
-528.000000  3.649896
-527.000000  3.638319
-526.000000  3.626731
-525.000000  3.615134
-524.000000  3.603527
-523.000000  3.591910
-522.000000  3.580284
-521.000000  3.568649
-520.000000  3.557005
-519.000000  3.545352
-518.000000  3.533690
-517.000000  3.522019
-516.000000  3.510340
-515.000000  3.498653
-514.000000  3.486957
-513.000000  3.475254
-512.000000  3.463543
-511.000000  3.451824
-510.000000  3.440098
-509.000000  3.428364
-508.000000  3.416623
-507.000000  3.404875
-506.000000  3.393121
-505.000000  3.381359
-504.000000  3.369592
-503.000000  3.357818
-502.000000  3.346037
-501.000000  3.334251
-500.000000  3.322459
-499.000000  3.310661
-498.000000  3.298858
-497.000000  3.287050
-496.000000  3.275236
-495.000000  3.263418
-494.000000  3.251595
-493.000000  3.239767
-492.000000  3.227935
-491.000000  3.216098
-490.000000  3.204258
-489.000000  3.192413
-488.000000  3.180565
-487.000000  3.168713
-486.000000  3.156859
-485.000000  3.145000
-484.000000  3.133139
-483.000000  3.121275
-482.000000  3.109409
-481.000000  3.097540
-480.000000  3.085669
-479.000000  3.073796
-478.000000  3.061920
-477.000000  3.050044
-476.000000  3.038165
-475.000000  3.026286
-474.000000  3.014405
-473.000000  3.002523
-472.000000  2.990641
-471.000000  2.978758
-470.000000  2.966875
-469.000000  2.954991
-468.000000  2.943108
-467.000000  2.931225
-466.000000  2.919342
-465.000000  2.907459
-464.000000  2.895578
-463.000000  2.883697
-462.000000  2.871818
-461.000000  2.859940
-460.000000  2.848064
-459.000000  2.836189
-458.000000  2.824316
-457.000000  2.812446
-456.000000  2.800578
-455.000000  2.788712
-454.000000  2.776849
-453.000000  2.764989
-452.000000  2.753132
-451.000000  2.741279
-450.000000  2.729429
-449.000000  2.717583
-448.000000  2.705741
-447.000000  2.693903
-446.000000  2.682069
-445.000000  2.670240
-444.000000  2.658415
-443.000000  2.646596
-442.000000  2.634781
-441.000000  2.622972
-440.000000  2.611169
-439.000000  2.599371
-438.000000  2.587579
-437.000000  2.575794
-436.000000  2.564015
-435.000000  2.552242
-434.000000  2.540476
-433.000000  2.528717
-432.000000  2.516966
-431.000000  2.505221
-430.000000  2.493485
-429.000000  2.481756
-428.000000  2.470035
-427.000000  2.458323
-426.000000  2.446618
-425.000000  2.434923
-424.000000  2.423236
-423.000000  2.411558
-422.000000  2.399890
-421.000000  2.388231
-420.000000  2.376582
-419.000000  2.364942
-418.000000  2.353313
-417.000000  2.341694
-416.000000  2.330086
-415.000000  2.318488
-414.000000  2.306901
-413.000000  2.295325
-412.000000  2.283761
-411.000000  2.272208
-410.000000  2.260666
-409.000000  2.249137
-408.000000  2.237620
-407.000000  2.226115
-406.000000  2.214623
-405.000000  2.203144
-404.000000  2.191677
-403.000000  2.180224
-402.000000  2.168785
-401.000000  2.157358
-400.000000  2.145946
-399.000000  2.134548
-398.000000  2.123164
-397.000000  2.111794
-396.000000  2.100439
-395.000000  2.089099
-394.000000  2.077774
-393.000000  2.066464
-392.000000  2.055170
-391.000000  2.043891
-390.000000  2.032628
-389.000000  2.021382
-388.000000  2.010151
-387.000000  1.998938
-386.000000  1.987741
-385.000000  1.976560
-384.000000  1.965397
-383.000000  1.954252
-382.000000  1.943123
-381.000000  1.932013
-380.000000  1.920920
-379.000000  1.909846
-378.000000  1.898790
-377.000000  1.887753
-376.000000  1.876734
-375.000000  1.865734
-374.000000  1.854754
-373.000000  1.843793
-372.000000  1.832851
-371.000000  1.821929
-370.000000  1.811027
-369.000000  1.800146
-368.000000  1.789284
-367.000000  1.778444
-366.000000  1.767624
-365.000000  1.756825
-364.000000  1.746047
-363.000000  1.735290
-362.000000  1.724555
-361.000000  1.713842
-360.000000  1.703151
-359.000000  1.692482
-358.000000  1.681835
-357.000000  1.671211
-356.000000  1.660610
-355.000000  1.650031
-354.000000  1.639476
-353.000000  1.628944
-352.000000  1.618435
-351.000000  1.607951
-350.000000  1.597490
-349.000000  1.587053
-348.000000  1.576640
-347.000000  1.566252
-346.000000  1.555889
-345.000000  1.545550
-344.000000  1.535236
-343.000000  1.524948
-342.000000  1.514685
-341.000000  1.504448
-340.000000  1.494236
-339.000000  1.484051
-338.000000  1.473891
-337.000000  1.463758
-336.000000  1.453651
-335.000000  1.443571
-334.000000  1.433518
-333.000000  1.423492
-332.000000  1.413493
-331.000000  1.403521
-330.000000  1.393578
-329.000000  1.383661
-328.000000  1.373773
-327.000000  1.363913
-326.000000  1.354081
-325.000000  1.344278
-324.000000  1.334503
-323.000000  1.324757
-322.000000  1.315040
-321.000000  1.305353
-320.000000  1.295694
-319.000000  1.286065
-318.000000  1.276466
-317.000000  1.266896
-316.000000  1.257356
-315.000000  1.247847
-314.000000  1.238368
-313.000000  1.228919
-312.000000  1.219501
-311.000000  1.210114
-310.000000  1.200757
-309.000000  1.191432
-308.000000  1.182138
-307.000000  1.172876
-306.000000  1.163645
-305.000000  1.154446
-304.000000  1.145278
-303.000000  1.136143
-302.000000  1.127040
-301.000000  1.117969
-300.000000  1.108930
-299.000000  1.099925
-298.000000  1.090952
-297.000000  1.082012
-296.000000  1.073105
-295.000000  1.064231
-294.000000  1.055391
-293.000000  1.046584
-292.000000  1.037810
-291.000000  1.029071
-290.000000  1.020365
-289.000000  1.011694
-288.000000  1.003056
-287.000000  0.994453
-286.000000  0.985885
-285.000000  0.977351
-284.000000  0.968851
-283.000000  0.960387
-282.000000  0.951957
-281.000000  0.943562
-280.000000  0.935203
-279.000000  0.926879
-278.000000  0.918591
-277.000000  0.910338
-276.000000  0.902120
-275.000000  0.893939
-274.000000  0.885793
-273.000000  0.877684
-272.000000  0.869611
-271.000000  0.861574
-270.000000  0.853573
-269.000000  0.845609
-268.000000  0.837681
-267.000000  0.829790
-266.000000  0.821936
-265.000000  0.814119
-264.000000  0.806339
-263.000000  0.798596
-262.000000  0.790890
-261.000000  0.783222
-260.000000  0.775591
-259.000000  0.767997
-258.000000  0.760441
-257.000000  0.752923
-256.000000  0.745442
-255.000000  0.738000
-254.000000  0.730595
-253.000000  0.723229
-252.000000  0.715900
-251.000000  0.708610
-250.000000  0.701358
-249.000000  0.694144
-248.000000  0.686969
-247.000000  0.679833
-246.000000  0.672735
-245.000000  0.665676
-244.000000  0.658655
-243.000000  0.651674
-242.000000  0.644731
-241.000000  0.637827
-240.000000  0.630962
-239.000000  0.624136
-238.000000  0.617350
-237.000000  0.610603
-236.000000  0.603895
-235.000000  0.597226
-234.000000  0.590596
-233.000000  0.584006
-232.000000  0.577456
-231.000000  0.570945
-230.000000  0.564474
-229.000000  0.558042
-228.000000  0.551650
-227.000000  0.545298
-226.000000  0.538985
-225.000000  0.532713
-224.000000  0.526480
-223.000000  0.520287
-222.000000  0.514134
-221.000000  0.508021
-220.000000  0.501948
-219.000000  0.495914
-218.000000  0.489921
-217.000000  0.483968
-216.000000  0.478055
-215.000000  0.472182
-214.000000  0.466350
-213.000000  0.460557
-212.000000  0.454805
-211.000000  0.449093
-210.000000  0.443421
-209.000000  0.437789
-208.000000  0.432197
-207.000000  0.426646
-206.000000  0.421135
-205.000000  0.415664
-204.000000  0.410233
-203.000000  0.404843
-202.000000  0.399492
-201.000000  0.394182
-200.000000  0.388913
-199.000000  0.383683
-198.000000  0.378494
-197.000000  0.373345
-196.000000  0.368236
-195.000000  0.363167
-194.000000  0.358138
-193.000000  0.353150
-192.000000  0.348201
-191.000000  0.343293
-190.000000  0.338425
-189.000000  0.333597
-188.000000  0.328808
-187.000000  0.324060
-186.000000  0.319352
-185.000000  0.314683
-184.000000  0.310055
-183.000000  0.305466
-182.000000  0.300917
-181.000000  0.296408
-180.000000  0.291939
-179.000000  0.287509
-178.000000  0.283119
-177.000000  0.278768
-176.000000  0.274457
-175.000000  0.270185
-174.000000  0.265953
-173.000000  0.261760
-172.000000  0.257606
-171.000000  0.253492
-170.000000  0.249417
-169.000000  0.245380
-168.000000  0.241383
-167.000000  0.237425
-166.000000  0.233505
-165.000000  0.229625
-164.000000  0.225783
-163.000000  0.221980
-162.000000  0.218215
-161.000000  0.214489
-160.000000  0.210801
-159.000000  0.207152
-158.000000  0.203540
-157.000000  0.199967
-156.000000  0.196432
-155.000000  0.192935
-154.000000  0.189476
-153.000000  0.186054
-152.000000  0.182670
-151.000000  0.179324
-150.000000  0.176015
-149.000000  0.172743
-148.000000  0.169509
-147.000000  0.166312
-146.000000  0.163152
-145.000000  0.160028
-144.000000  0.156942
-143.000000  0.153892
-142.000000  0.150878
-141.000000  0.147901
-140.000000  0.144961
-139.000000  0.142056
-138.000000  0.139188
-137.000000  0.136355
-136.000000  0.133558
-135.000000  0.130797
-134.000000  0.128071
-133.000000  0.125381
-132.000000  0.122726
-131.000000  0.120106
-130.000000  0.117520
-129.000000  0.114970
-128.000000  0.112454
-127.000000  0.109973
-126.000000  0.107526
-125.000000  0.105113
-124.000000  0.102734
-123.000000  0.100389
-122.000000  0.098078
-121.000000  0.095800
-120.000000  0.093555
-119.000000  0.091344
-118.000000  0.089165
-117.000000  0.087020
-116.000000  0.084907
-115.000000  0.082827
-114.000000  0.080779
-113.000000  0.078763
-112.000000  0.076779
-111.000000  0.074827
-110.000000  0.072906
-109.000000  0.071017
-108.000000  0.069159
-107.000000  0.067332
-106.000000  0.065535
-105.000000  0.063770
-104.000000  0.062034
-103.000000  0.060329
-102.000000  0.058655
-101.000000  0.057009
-100.000000  0.055394
-99.000000  0.053808
-98.000000  0.052251
-97.000000  0.050723
-96.000000  0.049224
-95.000000  0.047753
-94.000000  0.046311
-93.000000  0.044897
-92.000000  0.043510
-91.000000  0.042152
-90.000000  0.040821
-89.000000  0.039517
-88.000000  0.038240
-87.000000  0.036990
-86.000000  0.035766
-85.000000  0.034569
-84.000000  0.033398
-83.000000  0.032252
-82.000000  0.031132
-81.000000  0.030038
-80.000000  0.028969
-79.000000  0.027924
-78.000000  0.026904
-77.000000  0.025909
-76.000000  0.024937
-75.000000  0.023990
-74.000000  0.023066
-73.000000  0.022165
-72.000000  0.021287
-71.000000  0.020433
-70.000000  0.019601
-69.000000  0.018791
-68.000000  0.018003
-67.000000  0.017237
-66.000000  0.016492
-65.000000  0.015769
-64.000000  0.015066
-63.000000  0.014384
-62.000000  0.013723
-61.000000  0.013082
-60.000000  0.012460
-59.000000  0.011859
-58.000000  0.011276
-57.000000  0.010712
-56.000000  0.010168
-55.000000  0.009641
-54.000000  0.009133
-53.000000  0.008642
-52.000000  0.008169
-51.000000  0.007714
-50.000000  0.007275
-49.000000  0.006853
-48.000000  0.006447
-47.000000  0.006058
-46.000000  0.005684
-45.000000  0.005325
-44.000000  0.004982
-43.000000  0.004654
-42.000000  0.004340
-41.000000  0.004040
-40.000000  0.003755
-39.000000  0.003483
-38.000000  0.003224
-37.000000  0.002978
-36.000000  0.002745
-35.000000  0.002524
-34.000000  0.002316
-33.000000  0.002119
-32.000000  0.001933
-31.000000  0.001759
-30.000000  0.001595
-29.000000  0.001442
-28.000000  0.001298
-27.000000  0.001165
-26.000000  0.001041
-25.000000  0.000926
-24.000000  0.000819
-23.000000  0.000722
-22.000000  0.000632
-21.000000  0.000550
-20.000000  0.000475
-19.000000  0.000408
-18.000000  0.000347
-17.000000  0.000292
-16.000000  0.000244
-15.000000  0.000201
-14.000000  0.000163
-13.000000  0.000131
-12.000000  0.000103
-11.000000  0.000079
-10.000000  0.000060
-9.000000  0.000043
-8.000000  0.000031
-7.000000  0.000020
-6.000000  0.000013
-5.000000  0.000007
-4.000000  0.000004
-3.000000  0.000002
-2.000000  0.000000
-1.000000  0.000000
0.000000  0.000000
1.000000  -0.000000
2.000000  -0.000000
3.000000  -0.000002
4.000000  -0.000004
5.000000  -0.000007
6.000000  -0.000013
7.000000  -0.000020
8.000000  -0.000031
9.000000  -0.000043
10.000000  -0.000060
11.000000  -0.000079
12.000000  -0.000103
13.000000  -0.000131
14.000000  -0.000163
15.000000  -0.000201
16.000000  -0.000244
17.000000  -0.000292
18.000000  -0.000347
19.000000  -0.000408
20.000000  -0.000475
21.000000  -0.000550
22.000000  -0.000632
23.000000  -0.000722
24.000000  -0.000819
25.000000  -0.000926
26.000000  -0.001041
27.000000  -0.001165
28.000000  -0.001298
29.000000  -0.001442
30.000000  -0.001595
31.000000  -0.001759
32.000000  -0.001933
33.000000  -0.002119
34.000000  -0.002316
35.000000  -0.002524
36.000000  -0.002745
37.000000  -0.002978
38.000000  -0.003224
39.000000  -0.003483
40.000000  -0.003755
41.000000  -0.004040
42.000000  -0.004340
43.000000  -0.004654
44.000000  -0.004982
45.000000  -0.005325
46.000000  -0.005684
47.000000  -0.006058
48.000000  -0.006447
49.000000  -0.006853
50.000000  -0.007275
51.000000  -0.007714
52.000000  -0.008169
53.000000  -0.008642
54.000000  -0.009133
55.000000  -0.009641
56.000000  -0.010168
57.000000  -0.010712
58.000000  -0.011276
59.000000  -0.011859
60.000000  -0.012460
61.000000  -0.013082
62.000000  -0.013723
63.000000  -0.014384
64.000000  -0.015066
65.000000  -0.015769
66.000000  -0.016492
67.000000  -0.017237
68.000000  -0.018003
69.000000  -0.018791
70.000000  -0.019601
71.000000  -0.020433
72.000000  -0.021287
73.000000  -0.022165
74.000000  -0.023066
75.000000  -0.023990
76.000000  -0.024937
77.000000  -0.025909
78.000000  -0.026904
79.000000  -0.027924
80.000000  -0.028969
81.000000  -0.030038
82.000000  -0.031132
83.000000  -0.032252
84.000000  -0.033398
85.000000  -0.034569
86.000000  -0.035766
87.000000  -0.036990
88.000000  -0.038240
89.000000  -0.039517
90.000000  -0.040821
91.000000  -0.042152
92.000000  -0.043510
93.000000  -0.044897
94.000000  -0.046311
95.000000  -0.047753
96.000000  -0.049224
97.000000  -0.050723
98.000000  -0.052251
99.000000  -0.053808
100.000000  -0.055394
101.000000  -0.057009
102.000000  -0.058655
103.000000  -0.060329
104.000000  -0.062034
105.000000  -0.063770
106.000000  -0.065535
107.000000  -0.067332
108.000000  -0.069159
109.000000  -0.071017
110.000000  -0.072906
111.000000  -0.074827
112.000000  -0.076779
113.000000  -0.078763
114.000000  -0.080779
115.000000  -0.082827
116.000000  -0.084907
117.000000  -0.087020
118.000000  -0.089165
119.000000  -0.091344
120.000000  -0.093555
121.000000  -0.095800
122.000000  -0.098078
123.000000  -0.100389
124.000000  -0.102734
125.000000  -0.105113
126.000000  -0.107526
127.000000  -0.109973
128.000000  -0.112454
129.000000  -0.114970
130.000000  -0.117520
131.000000  -0.120106
132.000000  -0.122726
133.000000  -0.125381
134.000000  -0.128071
135.000000  -0.130797
136.000000  -0.133558
137.000000  -0.136355
138.000000  -0.139188
139.000000  -0.142056
140.000000  -0.144961
141.000000  -0.147901
142.000000  -0.150878
143.000000  -0.153892
144.000000  -0.156942
145.000000  -0.160028
146.000000  -0.163152
147.000000  -0.166312
148.000000  -0.169509
149.000000  -0.172743
150.000000  -0.176015
151.000000  -0.179324
152.000000  -0.182670
153.000000  -0.186054
154.000000  -0.189476
155.000000  -0.192935
156.000000  -0.196432
157.000000  -0.199967
158.000000  -0.203540
159.000000  -0.207152
160.000000  -0.210801
161.000000  -0.214489
162.000000  -0.218215
163.000000  -0.221980
164.000000  -0.225783
165.000000  -0.229625
166.000000  -0.233505
167.000000  -0.237425
168.000000  -0.241383
169.000000  -0.245380
170.000000  -0.249417
171.000000  -0.253492
172.000000  -0.257606
173.000000  -0.261760
174.000000  -0.265953
175.000000  -0.270185
176.000000  -0.274457
177.000000  -0.278768
178.000000  -0.283119
179.000000  -0.287509
180.000000  -0.291939
181.000000  -0.296408
182.000000  -0.300917
183.000000  -0.305466
184.000000  -0.310055
185.000000  -0.314683
186.000000  -0.319352
187.000000  -0.324060
188.000000  -0.328808
189.000000  -0.333597
190.000000  -0.338425
191.000000  -0.343293
192.000000  -0.348201
193.000000  -0.353150
194.000000  -0.358138
195.000000  -0.363167
196.000000  -0.368236
197.000000  -0.373345
198.000000  -0.378494
199.000000  -0.383683
200.000000  -0.388913
201.000000  -0.394182
202.000000  -0.399492
203.000000  -0.404843
204.000000  -0.410233
205.000000  -0.415664
206.000000  -0.421135
207.000000  -0.426646
208.000000  -0.432197
209.000000  -0.437789
210.000000  -0.443421
211.000000  -0.449093
212.000000  -0.454805
213.000000  -0.460557
214.000000  -0.466350
215.000000  -0.472182
216.000000  -0.478055
217.000000  -0.483968
218.000000  -0.489921
219.000000  -0.495914
220.000000  -0.501948
221.000000  -0.508021
222.000000  -0.514134
223.000000  -0.520287
224.000000  -0.526480
225.000000  -0.532713
226.000000  -0.538985
227.000000  -0.545298
228.000000  -0.551650
229.000000  -0.558042
230.000000  -0.564474
231.000000  -0.570945
232.000000  -0.577456
233.000000  -0.584006
234.000000  -0.590596
235.000000  -0.597226
236.000000  -0.603895
237.000000  -0.610603
238.000000  -0.617350
239.000000  -0.624136
240.000000  -0.630962
241.000000  -0.637827
242.000000  -0.644731
243.000000  -0.651674
244.000000  -0.658655
245.000000  -0.665676
246.000000  -0.672735
247.000000  -0.679833
248.000000  -0.686969
249.000000  -0.694144
250.000000  -0.701358
251.000000  -0.708610
252.000000  -0.715900
253.000000  -0.723229
254.000000  -0.730595
255.000000  -0.738000
256.000000  -0.745442
257.000000  -0.752923
258.000000  -0.760441
259.000000  -0.767997
260.000000  -0.775591
261.000000  -0.783222
262.000000  -0.790890
263.000000  -0.798596
264.000000  -0.806339
265.000000  -0.814119
266.000000  -0.821936
267.000000  -0.829790
268.000000  -0.837681
269.000000  -0.845609
270.000000  -0.853573
271.000000  -0.861574
272.000000  -0.869611
273.000000  -0.877684
274.000000  -0.885793
275.000000  -0.893939
276.000000  -0.902120
277.000000  -0.910338
278.000000  -0.918591
279.000000  -0.926879
280.000000  -0.935203
281.000000  -0.943562
282.000000  -0.951957
283.000000  -0.960387
284.000000  -0.968851
285.000000  -0.977351
286.000000  -0.985885
287.000000  -0.994453
288.000000  -1.003056
289.000000  -1.011694
290.000000  -1.020365
291.000000  -1.029071
292.000000  -1.037810
293.000000  -1.046584
294.000000  -1.055391
295.000000  -1.064231
296.000000  -1.073105
297.000000  -1.082012
298.000000  -1.090952
299.000000  -1.099925
300.000000  -1.108930
301.000000  -1.117969
302.000000  -1.127040
303.000000  -1.136143
304.000000  -1.145278
305.000000  -1.154446
306.000000  -1.163645
307.000000  -1.172876
308.000000  -1.182138
309.000000  -1.191432
310.000000  -1.200757
311.000000  -1.210114
312.000000  -1.219501
313.000000  -1.228919
314.000000  -1.238368
315.000000  -1.247847
316.000000  -1.257356
317.000000  -1.266896
318.000000  -1.276466
319.000000  -1.286065
320.000000  -1.295694
321.000000  -1.305353
322.000000  -1.315040
323.000000  -1.324757
324.000000  -1.334503
325.000000  -1.344278
326.000000  -1.354081
327.000000  -1.363913
328.000000  -1.373773
329.000000  -1.383661
330.000000  -1.393578
331.000000  -1.403521
332.000000  -1.413493
333.000000  -1.423492
334.000000  -1.433518
335.000000  -1.443571
336.000000  -1.453651
337.000000  -1.463758
338.000000  -1.473891
339.000000  -1.484051
340.000000  -1.494236
341.000000  -1.504448
342.000000  -1.514685
343.000000  -1.524948
344.000000  -1.535236
345.000000  -1.545550
346.000000  -1.555889
347.000000  -1.566252
348.000000  -1.576640
349.000000  -1.587053
350.000000  -1.597490
351.000000  -1.607951
352.000000  -1.618435
353.000000  -1.628944
354.000000  -1.639476
355.000000  -1.650031
356.000000  -1.660610
357.000000  -1.671211
358.000000  -1.681835
359.000000  -1.692482
360.000000  -1.703151
361.000000  -1.713842
362.000000  -1.724555
363.000000  -1.735290
364.000000  -1.746047
365.000000  -1.756825
366.000000  -1.767624
367.000000  -1.778444
368.000000  -1.789284
369.000000  -1.800146
370.000000  -1.811027
371.000000  -1.821929
372.000000  -1.832851
373.000000  -1.843793
374.000000  -1.854754
375.000000  -1.865734
376.000000  -1.876734
377.000000  -1.887753
378.000000  -1.898790
379.000000  -1.909846
380.000000  -1.920920
381.000000  -1.932013
382.000000  -1.943123
383.000000  -1.954252
384.000000  -1.965397
385.000000  -1.976560
386.000000  -1.987741
387.000000  -1.998938
388.000000  -2.010151
389.000000  -2.021382
390.000000  -2.032628
391.000000  -2.043891
392.000000  -2.055170
393.000000  -2.066464
394.000000  -2.077774
395.000000  -2.089099
396.000000  -2.100439
397.000000  -2.111794
398.000000  -2.123164
399.000000  -2.134548
400.000000  -2.145946
401.000000  -2.157358
402.000000  -2.168785
403.000000  -2.180224
404.000000  -2.191677
405.000000  -2.203144
406.000000  -2.214623
407.000000  -2.226115
408.000000  -2.237620
409.000000  -2.249137
410.000000  -2.260666
411.000000  -2.272208
412.000000  -2.283761
413.000000  -2.295325
414.000000  -2.306901
415.000000  -2.318488
416.000000  -2.330086
417.000000  -2.341694
418.000000  -2.353313
419.000000  -2.364942
420.000000  -2.376582
421.000000  -2.388231
422.000000  -2.399890
423.000000  -2.411558
424.000000  -2.423236
425.000000  -2.434923
426.000000  -2.446618
427.000000  -2.458323
428.000000  -2.470035
429.000000  -2.481756
430.000000  -2.493485
431.000000  -2.505221
432.000000  -2.516966
433.000000  -2.528717
434.000000  -2.540476
435.000000  -2.552242
436.000000  -2.564015
437.000000  -2.575794
438.000000  -2.587579
439.000000  -2.599371
440.000000  -2.611169
441.000000  -2.622972
442.000000  -2.634781
443.000000  -2.646596
444.000000  -2.658415
445.000000  -2.670240
446.000000  -2.682069
447.000000  -2.693903
448.000000  -2.705741
449.000000  -2.717583
450.000000  -2.729429
451.000000  -2.741279
452.000000  -2.753132
453.000000  -2.764989
454.000000  -2.776849
455.000000  -2.788712
456.000000  -2.800578
457.000000  -2.812446
458.000000  -2.824316
459.000000  -2.836189
460.000000  -2.848064
461.000000  -2.859940
462.000000  -2.871818
463.000000  -2.883697
464.000000  -2.895578
465.000000  -2.907459
466.000000  -2.919342
467.000000  -2.931225
468.000000  -2.943108
469.000000  -2.954991
470.000000  -2.966875
471.000000  -2.978758
472.000000  -2.990641
473.000000  -3.002523
474.000000  -3.014405
475.000000  -3.026286
476.000000  -3.038165
477.000000  -3.050044
478.000000  -3.061920
479.000000  -3.073796
480.000000  -3.085669
481.000000  -3.097540
482.000000  -3.109409
483.000000  -3.121275
484.000000  -3.133139
485.000000  -3.145000
486.000000  -3.156859
487.000000  -3.168713
488.000000  -3.180565
489.000000  -3.192413
490.000000  -3.204258
491.000000  -3.216098
492.000000  -3.227935
493.000000  -3.239767
494.000000  -3.251595
495.000000  -3.263418
496.000000  -3.275236
497.000000  -3.287050
498.000000  -3.298858
499.000000  -3.310661
500.000000  -3.322459
501.000000  -3.334251
502.000000  -3.346037
503.000000  -3.357818
504.000000  -3.369592
505.000000  -3.381359
506.000000  -3.393121
507.000000  -3.404875
508.000000  -3.416623
509.000000  -3.428364
510.000000  -3.440098
511.000000  -3.451824
512.000000  -3.463543
513.000000  -3.475254
514.000000  -3.486957
515.000000  -3.498653
516.000000  -3.510340
517.000000  -3.522019
518.000000  -3.533690
519.000000  -3.545352
520.000000  -3.557005
521.000000  -3.568649
522.000000  -3.580284
523.000000  -3.591910
524.000000  -3.603527
525.000000  -3.615134
526.000000  -3.626731
527.000000  -3.638319
528.000000  -3.649896
529.000000  -3.661464
530.000000  -3.673021
531.000000  -3.684567
532.000000  -3.696103
533.000000  -3.707629
534.000000  -3.719143
535.000000  -3.730647
536.000000  -3.742139
537.000000  -3.753620
538.000000  -3.765089
539.000000  -3.776547
540.000000  -3.787993
541.000000  -3.799428
542.000000  -3.810850
543.000000  -3.822260
544.000000  -3.833658
545.000000  -3.845043
546.000000  -3.856416
547.000000  -3.867777
548.000000  -3.879124
549.000000  -3.890459
550.000000  -3.901780
551.000000  -3.913088
552.000000  -3.924383
553.000000  -3.935664
554.000000  -3.946932
555.000000  -3.958186
556.000000  -3.969427
557.000000  -3.980653
558.000000  -3.991865
559.000000  -4.003063
560.000000  -4.014247
561.000000  -4.025416
562.000000  -4.036571
563.000000  -4.047711
564.000000  -4.058836
565.000000  -4.069946
566.000000  -4.081041
567.000000  -4.092122
568.000000  -4.103186
569.000000  -4.114236
570.000000  -4.125270
571.000000  -4.136288
572.000000  -4.147291
573.000000  -4.158278
574.000000  -4.169249
575.000000  -4.180204
576.000000  -4.191143
577.000000  -4.202066
578.000000  -4.212972
579.000000  -4.223862
580.000000  -4.234735
581.000000  -4.245592
582.000000  -4.256432
583.000000  -4.267256
584.000000  -4.278062
585.000000  -4.288851
586.000000  -4.299623
587.000000  -4.310379
588.000000  -4.321116
589.000000  -4.331837
590.000000  -4.342540
591.000000  -4.353225
592.000000  -4.363893
593.000000  -4.374543
594.000000  -4.385175
595.000000  -4.395789
596.000000  -4.406385
597.000000  -4.416964
598.000000  -4.427524
599.000000  -4.438066
600.000000  -4.448589
601.000000  -4.459094
602.000000  -4.469581
603.000000  -4.480049
604.000000  -4.490499
605.000000  -4.500930
606.000000  -4.511342
607.000000  -4.521735
608.000000  -4.532110
609.000000  -4.542465
610.000000  -4.552802
611.000000  -4.563119
612.000000  -4.573417
613.000000  -4.583696
614.000000  -4.593956
615.000000  -4.604196
616.000000  -4.614417
617.000000  -4.624618
618.000000  -4.634800
619.000000  -4.644963
620.000000  -4.655105
621.000000  -4.665228
622.000000  -4.675331
623.000000  -4.685414
624.000000  -4.695478
625.000000  -4.705521
626.000000  -4.715545
627.000000  -4.725548
628.000000  -4.735532
629.000000  -4.745495
630.000000  -4.755438
631.000000  -4.765361
632.000000  -4.775264
633.000000  -4.785146
634.000000  -4.795008
635.000000  -4.804850
636.000000  -4.814671
637.000000  -4.824471
638.000000  -4.834252
639.000000  -4.844011
640.000000  -4.853750
641.000000  -4.863469
642.000000  -4.873167
643.000000  -4.882844
644.000000  -4.892500
645.000000  -4.902136
646.000000  -4.911751
647.000000  -4.921345
648.000000  -4.930918
649.000000  -4.940470
650.000000  -4.950002
651.000000  -4.959512
652.000000  -4.969002
653.000000  -4.978471
654.000000  -4.987919
655.000000  -4.997345
656.000000  -5.006751
657.000000  -5.016136
658.000000  -5.025500
659.000000  -5.034842
660.000000  -5.044164
661.000000  -5.053464
662.000000  -5.062743
663.000000  -5.072002
664.000000  -5.081239
665.000000  -5.090455
666.000000  -5.099649
667.000000  -5.108823
668.000000  -5.117975
669.000000  -5.127107
670.000000  -5.136217
671.000000  -5.145306
672.000000  -5.154373
673.000000  -5.163420
674.000000  -5.172445
675.000000  -5.181449
676.000000  -5.190432
677.000000  -5.199394
678.000000  -5.208335
679.000000  -5.217254
680.000000  -5.226153
681.000000  -5.235030
682.000000  -5.243886
683.000000  -5.252720
684.000000  -5.261534
685.000000  -5.270327
686.000000  -5.279098
687.000000  -5.287848
688.000000  -5.296577
689.000000  -5.305285
690.000000  -5.313972
691.000000  -5.322638
692.000000  -5.331283
693.000000  -5.339907
694.000000  -5.348510
695.000000  -5.357092
696.000000  -5.365653
697.000000  -5.374193
698.000000  -5.382712
699.000000  -5.391210
700.000000  -5.399687
701.000000  -5.408144
702.000000  -5.416579
703.000000  -5.424994
704.000000  -5.433388
705.000000  -5.441762
706.000000  -5.450114
707.000000  -5.458446
708.000000  -5.466757
709.000000  -5.475048
710.000000  -5.483318
711.000000  -5.491568
712.000000  -5.499797
713.000000  -5.508005
714.000000  -5.516193
715.000000  -5.524361
716.000000  -5.532508
717.000000  -5.540635
718.000000  -5.548742
719.000000  -5.556828
720.000000  -5.564894
721.000000  -5.572940
722.000000  -5.580966
723.000000  -5.588972
724.000000  -5.596957
725.000000  -5.604923
726.000000  -5.612869
727.000000  -5.620795
728.000000  -5.628701
729.000000  -5.636587
730.000000  -5.644454
731.000000  -5.652300
732.000000  -5.660127
733.000000  -5.667935
734.000000  -5.675723
735.000000  -5.683491
736.000000  -5.691240
737.000000  -5.698970
738.000000  -5.706680
739.000000  -5.714371
740.000000  -5.722043
741.000000  -5.729696
742.000000  -5.737329
743.000000  -5.744944
744.000000  -5.752539
745.000000  -5.760116
746.000000  -5.767673
747.000000  -5.775212
748.000000  -5.782732
749.000000  -5.790234
750.000000  -5.797717
751.000000  -5.805181
752.000000  -5.812627
753.000000  -5.820054
754.000000  -5.827463
755.000000  -5.834854
756.000000  -5.842227
757.000000  -5.849581
758.000000  -5.856917
759.000000  -5.864236
760.000000  -5.871536
761.000000  -5.878819
762.000000  -5.886083
763.000000  -5.893330
764.000000  -5.900560
765.000000  -5.907772
766.000000  -5.914966
767.000000  -5.922143
768.000000  -5.929302
769.000000  -5.936445
770.000000  -5.943570
771.000000  -5.950678
772.000000  -5.957769
773.000000  -5.964843
774.000000  -5.971900
775.000000  -5.978940
776.000000  -5.985964
777.000000  -5.992971
778.000000  -5.999961
779.000000  -6.006935
780.000000  -6.013893
781.000000  -6.020834
782.000000  -6.027759
783.000000  -6.034668
784.000000  -6.041561
785.000000  -6.048438
786.000000  -6.055299
787.000000  -6.062145
788.000000  -6.068974
789.000000  -6.075788
790.000000  -6.082586
791.000000  -6.089369
792.000000  -6.096137
793.000000  -6.102889
794.000000  -6.109627
795.000000  -6.116349
796.000000  -6.123056
797.000000  -6.129748
798.000000  -6.136425
799.000000  -6.143088
800.000000  -6.149736
801.000000  -6.156370
802.000000  -6.162989
803.000000  -6.169593
804.000000  -6.176184
805.000000  -6.182760
806.000000  -6.189322
807.000000  -6.195871
808.000000  -6.202405
809.000000  -6.208926
810.000000  -6.215433
811.000000  -6.221926
812.000000  -6.228406
813.000000  -6.234872
814.000000  -6.241326
815.000000  -6.247766
816.000000  -6.254193
817.000000  -6.260607
818.000000  -6.267008
819.000000  -6.273396
820.000000  -6.279771
821.000000  -6.286134
822.000000  -6.292485
823.000000  -6.298823
824.000000  -6.305149
825.000000  -6.311463
826.000000  -6.317764
827.000000  -6.324054
828.000000  -6.330331
829.000000  -6.336597
830.000000  -6.342851
831.000000  -6.349094
832.000000  -6.355325
833.000000  -6.361545
834.000000  -6.367754
835.000000  -6.373951
836.000000  -6.380137
837.000000  -6.386313
838.000000  -6.392477
839.000000  -6.398631
840.000000  -6.404774
841.000000  -6.410907
842.000000  -6.417029
843.000000  -6.423141
844.000000  -6.429243
845.000000  -6.435335
846.000000  -6.441416
847.000000  -6.447488
848.000000  -6.453550
849.000000  -6.459602
850.000000  -6.465645
851.000000  -6.471678
852.000000  -6.477702
853.000000  -6.483717
854.000000  -6.489723
855.000000  -6.495719
856.000000  -6.501707
857.000000  -6.507685
858.000000  -6.513655
859.000000  -6.519617
860.000000  -6.525570
861.000000  -6.531514
862.000000  -6.537451
863.000000  -6.543379
864.000000  -6.549299
865.000000  -6.555211
866.000000  -6.561116
867.000000  -6.567012
868.000000  -6.572901
869.000000  -6.578783
870.000000  -6.584657
871.000000  -6.590524
872.000000  -6.596383
873.000000  -6.602236
874.000000  -6.608081
875.000000  -6.613920
876.000000  -6.619752
877.000000  -6.625578
878.000000  -6.631396
879.000000  -6.637209
880.000000  -6.643015
881.000000  -6.648815
882.000000  -6.654609
883.000000  -6.660397
884.000000  -6.666179
885.000000  -6.671955
886.000000  -6.677726
887.000000  -6.683491
888.000000  -6.689250
889.000000  -6.695005
890.000000  -6.700754
891.000000  -6.706498
892.000000  -6.712237
893.000000  -6.717971
894.000000  -6.723700
895.000000  -6.729425
896.000000  -6.735145
897.000000  -6.740861
898.000000  -6.746572
899.000000  -6.752280
900.000000  -6.757983
901.000000  -6.763682
902.000000  -6.769377
903.000000  -6.775068
904.000000  -6.780756
905.000000  -6.786440
906.000000  -6.792120
907.000000  -6.797797
908.000000  -6.803471
909.000000  -6.809142
910.000000  -6.814810
911.000000  -6.820475
912.000000  -6.826137
913.000000  -6.831796
914.000000  -6.837453
915.000000  -6.843107
916.000000  -6.848759
917.000000  -6.854408
918.000000  -6.860055
919.000000  -6.865701
920.000000  -6.871344
921.000000  -6.876985
922.000000  -6.882625
923.000000  -6.888263
924.000000  -6.893899
925.000000  -6.899534
926.000000  -6.905167
927.000000  -6.910799
928.000000  -6.916431
929.000000  -6.922061
930.000000  -6.927690
931.000000  -6.933318
932.000000  -6.938946
933.000000  -6.944573
934.000000  -6.950199
935.000000  -6.955825
936.000000  -6.961451
937.000000  -6.967076
938.000000  -6.972702
939.000000  -6.978327
940.000000  -6.983952
941.000000  -6.989578
942.000000  -6.995204
943.000000  -7.000830
944.000000  -7.006457
945.000000  -7.012084
946.000000  -7.017712
947.000000  -7.023341
948.000000  -7.028971
949.000000  -7.034602
950.000000  -7.040233
951.000000  -7.045866
952.000000  -7.051500
953.000000  -7.057136
954.000000  -7.062773
955.000000  -7.068412
956.000000  -7.074052
957.000000  -7.079694
958.000000  -7.085338
959.000000  -7.090983
960.000000  -7.096631
961.000000  -7.102281
962.000000  -7.107933
963.000000  -7.113588
964.000000  -7.119245
965.000000  -7.124904
966.000000  -7.130566
967.000000  -7.136231
968.000000  -7.141898
969.000000  -7.147568
970.000000  -7.153242
971.000000  -7.158918
972.000000  -7.164597
973.000000  -7.170280
974.000000  -7.175966
975.000000  -7.181656
976.000000  -7.187348
977.000000  -7.193045
978.000000  -7.198745
979.000000  -7.204449
980.000000  -7.210157
981.000000  -7.215868
982.000000  -7.221584
983.000000  -7.227304
984.000000  -7.233028
985.000000  -7.238756
986.000000  -7.244489
987.000000  -7.250226
988.000000  -7.255968
989.000000  -7.261714
990.000000  -7.267465
991.000000  -7.273221
992.000000  -7.278981
993.000000  -7.284747
994.000000  -7.290517
995.000000  -7.296293
996.000000  -7.302073
997.000000  -7.307859
998.000000  -7.313651
999.000000  -7.319448
1000.000000  -7.325250
