-0.782618  2.451468
-0.777400  2.559133
-0.772183  2.673500
-0.766965  2.790739
-0.761748  2.915056
-0.756531  3.042585
-0.751313  3.177580
-0.746096  3.316142
-0.740878  3.462580
-0.735661  3.612962
-0.730443  3.771655
-0.725226  3.934698
-0.720008  4.106526
-0.714791  4.283155
-0.709573  4.469093
-0.704356  4.660339
-0.699139  4.861484
-0.693921  5.068520
-0.688704  5.286128
-0.683486  5.510296
-0.678269  5.745806
-0.673051  5.988647
-0.667834  6.243705
-0.662616  6.506971
-0.657399  6.783439
-0.652182  7.069096
-0.646964  7.369039
-0.641747  7.679245
-0.636529  8.004905
-0.631312  8.341967
-0.626094  8.695702
-0.620877  9.062010
-0.615659  9.446218
-0.610442  9.844153
-0.605224  10.261172
-0.600007  10.693001
-0.594790  11.145000
-0.589572  11.612765
-0.584355  12.101639
-0.579137  12.607066
-0.573920  13.134359
-0.568702  13.678801
-0.563485  14.245680
-0.558267  14.830128
-0.553050  15.437436
-0.547832  16.062625
-0.542615  16.711040
-0.537398  17.377655
-0.532180  18.067950
-0.526963  18.776938
-0.521745  19.510337
-0.516528  20.263301
-0.511310  21.041892
-0.506093  21.841507
-0.500875  22.668654
-0.495658  23.519056
-0.490441  24.399741
-0.485223  25.306811
-0.480006  26.247844
-0.474788  27.219325
-0.469571  28.229362
-0.464353  29.274762
-0.459136  30.364079
-0.453918  31.494322
-0.448701  32.674336
-0.443483  33.901131
-0.438266  35.183618
-0.433049  36.518537
-0.427831  37.914561
-0.422614  39.367818
-0.417396  40.886374
-0.412179  42.465347
-0.406961  44.111794
-0.401744  45.819417
-0.396526  47.593882
-0.391309  49.427137
-0.386091  51.323198
-0.380874  53.272099
-0.375657  55.276201
-0.370439  57.323781
-0.365222  59.415911
-0.360004  61.539687
-0.354787  63.695708
-0.349569  65.870905
-0.344352  68.066607
-0.339134  70.270917
-0.333917  72.487303
-0.328699  74.706428
-0.323482  76.935210
-0.318265  79.168003
-0.313047  81.416086
-0.307830  83.678125
-0.302612  85.970084
-0.297395  88.294953
-0.292177  90.673115
-0.286960  93.111345
-0.281742  95.633704
-0.276525  98.249814
-0.271308  100.986340
-0.266090  103.854532
-0.260873  106.882310
-0.255655  110.081025
-0.250438  113.478140
-0.245220  117.083109
-0.240003  120.920605
-0.234785  124.995408
-0.229568  129.326134
-0.224350  133.909038
-0.219133  138.752272
-0.213916  143.838620
-0.208698  149.160489
-0.203481  154.681850
-0.198263  160.374473
-0.193046  166.179688
-0.187828  172.046737
-0.182611  177.895231
-0.177393  183.656552
-0.172176  189.237621
-0.166958  194.565630
-0.161741  199.552640
-0.156524  204.142492
-0.151306  208.274233
-0.146089  211.928833
-0.140871  215.088864
-0.135654  217.783009
-0.130436  220.040721
-0.125219  221.934527
-0.120001  223.530627
-0.114784  224.930920
-0.109566  226.221702
-0.104349  227.517681
-0.099132  228.910445
-0.093914  230.515722
-0.088697  232.422042
-0.083479  234.741325
-0.078262  237.557214
-0.073044  240.978411
-0.067827  245.085709
-0.062609  249.987280
-0.057392  255.763221
-0.052175  262.521742
-0.046957  270.339647
-0.041740  279.317747
-0.036522  289.514786
-0.031305  300.999298
-0.026087  313.773232
-0.020870  327.816614
-0.015652  342.997343
-0.010435  359.107848
-0.005217  375.765036
0.000000  392.452962
0.005217  408.440650
0.010435  422.875590
0.015652  434.775025
0.020870  443.219662
0.026087  447.428274
0.031305  446.990134
0.036522  441.880911
0.041740  432.555207
0.046957  419.770345
0.052175  404.526958
0.057392  387.816347
0.062609  370.590308
0.067827  353.587931
0.073044  337.413855
0.078262  322.442972
0.083479  308.960181
0.088697  297.082281
0.093914  286.910990
0.099132  278.439095
0.104349  271.702509
0.109566  266.664508
0.114784  263.370361
0.120001  261.812195
0.125219  262.094094
0.130436  264.280540
0.135654  268.580561
0.140871  275.181643
0.146089  284.463012
0.151306  296.816483
0.156524  312.901766
0.161741  333.453260
0.166958  359.586855
0.172176  392.564540
0.177393  434.095850
0.182611  485.836241
0.187828  549.158403
0.193046  623.064053
0.198263  700.828840
0.203481  762.840405
0.208698  773.221569
0.213916  700.308769
0.219133  566.060657
0.224350  425.347392
0.229568  308.856788
0.234785  222.218022
0.240003  160.390561
0.245220  116.933519
0.250438  86.247789
0.255655  64.464913
0.260873  48.752619
0.266090  37.336549
0.271308  28.881327
0.276525  22.595609
0.281742  17.821946
0.286960  14.203862
0.292177  11.392913
0.297395  9.229460
0.302612  7.512900
0.307830  6.176203
0.313047  5.093729
0.318265  4.243579
0.323482  3.540416
0.328699  2.984866
0.333917  2.514531
0.339134  2.141363
0.344352  1.816775
0.349569  1.558335
0.354787  1.326289
0.360004  1.140900
0.365222  0.968480
0.370439  0.830550
0.375657  0.697926
0.380874  0.592665
0.386091  0.489044
0.391309  0.409060
0.396526  0.329390
0.401744  0.271220
0.406961  0.212589
0.412179  0.173321
0.417396  0.132295
0.422614  0.108024
0.427831  0.080285
0.433049  0.066668
0.438266  0.048026
0.443483  0.041320
0.448701  0.028504
0.453918  0.026011
0.459136  0.016796
0.464353  0.016775
0.469571  0.009767
0.474788  0.011158
0.480006  0.005516
0.485223  0.007695
0.490441  0.002920
0.495658  0.005524
0.500875  0.001317
0.506093  0.004137
0.511310  0.000320
0.516528  0.003232
0.521745  -0.000305
0.526963  0.002629
0.532180  -0.000696
0.537398  0.002219
0.542615  -0.000939
0.547832  0.001934
0.553050  -0.001087
0.558267  0.001731
0.563485  -0.001172
0.568702  0.001585
